1 1 1152
2 1 684
3 1 977
4 1 1611
5 1 5085
6 1 8657
7 1 13103
8 1 23333
9 1 38882
10 1 80858
11 1 155132
12 1 335580
13 1 675985
14 1 2026414
15 1 3493122
16 1 6470302
17 1 7036048
18 1 10276406
19 1 13897246
20 1 20877566
21 1 40060638
22 1 77513075
23 1 155695817
24 1 309823970
25 1 621648580
26 1 1249475603
27 1 2481388977
28 1 5004094043
29 1 10073753528
30 1 20099671098
1 10 96
2 10 166
3 10 266
4 10 374
5 10 839
6 10 1401
7 10 2633
8 10 4818
9 10 9769
10 10 19305
11 10 38262
12 10 75521
13 10 150407
14 10 300386
15 10 600621
16 10 1203863
17 10 2410492
18 10 4986453
19 10 9682455
20 10 19493627
21 10 39021241
22 10 81045021
23 10 156697206
24 10 360249529
25 10 639600888
26 10 1246281060
27 10 2608467706
28 10 5074860649
29 10 10136765924
30 10 19889952433
1 20 107
2 20 153
3 20 292
4 20 474
5 20 837
6 20 1445
7 20 2687
8 20 5268
9 20 9881
10 20 19426
11 20 38417
12 20 75868
13 20 151046
14 20 301509
15 20 602224
16 20 1203624
17 20 2412031
18 20 4832109
19 20 9654364
20 20 19327310
21 20 38608758
22 20 77184917
23 20 157401521
24 20 309884053
25 20 621494484
26 20 1243100032
27 20 2484007528
28 20 4977406819
29 20 9951888582
30 20 19910681580
1 50 102
2 50 181
3 50 257
4 50 463
5 50 1004
6 50 1861
7 50 3731
8 50 7218
9 50 14144
10 50 32353
11 50 48228
12 50 82062
13 50 155737
14 50 306539
15 50 619447
16 50 1273568
17 50 2419320
18 50 4838557
19 50 9709520
20 50 19421794
21 50 38851974
22 50 78628649
23 50 164140803
24 50 311446071
25 50 653278496
26 50 1239140649
27 50 2516060972
28 50 4956486082
29 50 9954385792
30 50 19884443165
1 75 114
2 75 142
3 75 298
4 75 519
5 75 971
6 75 1602
7 75 2823
8 75 5671
9 75 10735
10 75 20452
11 75 39849
12 75 77166
13 75 196552
14 75 302975
15 75 608559
16 75 1215270
17 75 2456440
18 75 4864927
19 75 9712348
20 75 19432584
21 75 38881037
22 75 77291264
23 75 155891730
24 75 310030801
25 75 618023426
26 75 1240054704
27 75 2481616107
28 75 4962744233
29 75 9987178568
30 75 19901218436
1 100 107
2 100 142
3 100 313
4 100 573
5 100 964
6 100 1810
7 100 3134
8 100 5557
9 100 10744
10 100 20527
11 100 40000
12 100 78151
13 100 153171
14 100 303935
15 100 622482
16 100 1217807
17 100 2438257
18 100 4866568
19 100 9673231
20 100 19362234
21 100 38738494
22 100 77683387
23 100 155701083
24 100 313796121
25 100 619862309
26 100 1252886087
27 100 2485289564
28 100 4976874982
29 100 9960545514
30 100 19878346888