1 1 272
2 1 195
3 1 184
4 1 186
5 1 214
6 1 293
7 1 459
8 1 373
9 1 402
10 1 266
11 1 429
12 1 296
13 1 441
14 1 551
15 1 364
16 1 384
17 1 715
18 1 418
19 1 955
20 1 837
21 1 1147
22 1 1958
23 1 1003
24 1 1312
25 1 1100
26 1 1552
27 1 639
28 1 1308
29 1 1256
30 1 1349
1 10 61
2 10 106
3 10 261
4 10 162
5 10 529
6 10 417
7 10 431
8 10 319
9 10 1086
10 10 1346
11 10 1837
12 10 1195
13 10 1214
14 10 1729
15 10 815
16 10 3266
17 10 1829
18 10 3039
19 10 2537
20 10 4993
21 10 3727
22 10 4011
23 10 1723
24 10 2813
25 10 4193
26 10 4378
27 10 4187
28 10 12886
29 10 26886
30 10 6266
1 20 47
2 20 60
3 20 45
4 20 41
5 20 48
6 20 33
7 20 191
8 20 265
9 20 447
10 20 522
11 20 674
12 20 799
13 20 1061
14 20 1876
15 20 3616
16 20 1584
17 20 4917
18 20 3433
19 20 2300
20 20 46978
21 20 7250
22 20 10716
23 20 17915
24 20 20178
25 20 6752
26 20 4530
27 20 31862
28 20 14439
29 20 52778
30 20 17085
1 50 37
2 50 40
3 50 34
4 50 61
5 50 32
6 50 53
7 50 364
8 50 731
9 50 694
10 50 2846
11 50 1678
12 50 4442
13 50 4259
14 50 5786
15 50 14988
16 50 17309
17 50 10179
18 50 16592
19 50 10042
20 50 60361
21 50 13933
22 50 46855
23 50 56060
24 50 74379
25 50 89326
26 50 222408
27 50 85123
28 50 312476
29 50 227151
30 50 121318
1 75 51
2 75 34
3 75 22
4 75 33
5 75 33
6 75 38
7 75 32
8 75 22
9 75 179
10 75 275
11 75 875
12 75 1046
13 75 3073
14 75 2165
15 75 13696
16 75 14860
17 75 58579
18 75 22334
19 75 30708
20 75 26806
21 75 19988
22 75 142028
23 75 76353
24 75 65033
25 75 133973
26 75 98954
27 75 86539
28 75 107425
29 75 476578
30 75 1052474
1 100 48
2 100 32
3 100 23
4 100 23
5 100 21
6 100 22
7 100 24
8 100 26
9 100 166
10 100 370
11 100 689
12 100 1199
13 100 1427
14 100 2539
15 100 10428
16 100 9456
17 100 19018
18 100 18908
19 100 19383
20 100 59783
21 100 176010
22 100 45008
23 100 95844
24 100 68819
25 100 194378
26 100 130562
27 100 395582
28 100 298734
29 100 216069
30 100 266183