1 1 0 504
2 1 0 155
3 1 0 151
4 1 0 214
5 1 0 144
6 1 0 307
7 1 1 456
8 1 0 356
9 1 0 348
10 1 0 239
11 1 1 556
12 1 0 303
13 1 1 708
14 1 1 877
15 1 0 651
16 1 0 421
17 1 0 393
18 1 0 744
19 1 1 1444
20 1 0 950
21 1 1 1039
22 1 1 1283
23 1 0 522
24 1 1 745
25 1 0 553
26 1 1 839
27 1 0 595
28 1 1 700
29 1 0 625
30 1 0 3184
1 10 1 88
2 10 1 96
3 10 1 165
4 10 0 127
5 10 2 374
6 10 1 277
7 10 2 358
8 10 0 201
9 10 2 850
10 10 2 1318
11 10 2 1734
12 10 2 821
13 10 2 741
14 10 4 1573
15 10 3 1376
16 10 4 5364
17 10 2 3200
18 10 3 2813
19 10 2 2959
20 10 3 5828
21 10 4 3791
22 10 3 4336
23 10 1 1092
24 10 2 2225
25 10 3 5200
26 10 2 4247
27 10 3 5230
28 10 3 13535
29 10 6 36100
30 10 3 8504
1 20 0 58
2 20 2 132
3 20 2 233
4 20 2 354
5 20 1 368
6 20 2 448
7 20 2 704
8 20 3 1373
9 20 2 967
10 20 2 2575
11 20 3 3287
12 20 3 2805
13 20 3 2565
14 20 4 4720
15 20 3 5771
16 20 3 3593
17 20 3 7374
18 20 3 6171
19 20 2 3737
20 20 6 63657
21 20 4 10401
22 20 3 15457
23 20 5 23593
24 20 5 48601
25 20 3 10495
26 20 3 9786
27 20 6 66600
28 20 4 24334
29 20 6 57997
30 20 4 24714
1 50 1 66
2 50 2 125
3 50 3 293
4 50 3 499
5 50 3 644
6 50 3 1237
7 50 4 2177
8 50 3 2290
9 50 4 2822
10 50 4 6231
11 50 4 4001
12 50 5 8406
13 50 4 7378
14 50 3 10405
15 50 7 40341
16 50 5 41881
17 50 5 30115
18 50 6 59131
19 50 4 30392
20 50 6 115156
21 50 3 28798
22 50 5 88286
23 50 6 120703
24 50 5 142576
25 50 6 179763
26 50 8 407579
27 50 6 208738
28 50 7 655706
29 50 7 421490
30 50 6 179669
1 75 1 69
2 75 2 97
3 75 2 240
4 75 4 475
5 75 2 546
6 75 4 1408
7 75 5 2937
8 75 3 1613
9 75 5 5453
10 75 5 4632
11 75 5 8173
12 75 5 8393
13 75 6 22495
14 75 4 8948
15 75 6 28401
16 75 7 89719
17 75 8 147746
18 75 5 66996
19 75 7 121239
20 75 6 58925
21 75 6 79342
22 75 8 334854
23 75 6 148340
24 75 8 288248
25 75 7 301042
26 75 7 252502
27 75 8 222702
28 75 6 264844
29 75 8 785724
30 75 8 1790274
1 100 1 58
2 100 2 122
3 100 2 212
4 100 4 476
5 100 3 701
6 100 5 1622
7 100 4 1700
8 100 5 2131
9 100 4 4504
10 100 4 5226
11 100 4 6724
12 100 5 10734
13 100 5 9979
14 100 6 20063
15 100 7 41216
16 100 5 19809
17 100 7 56028
18 100 6 53802
19 100 6 52304
20 100 7 174782
21 100 8 326505
22 100 6 93734
23 100 7 193736
24 100 6 174366
25 100 8 437329
26 100 7 274810
27 100 8 634892
28 100 7 473272
29 100 6 403217
30 100 7 432630