1 1 0 482
2 1 0 200
3 1 0 245
4 1 0 191
5 1 0 212
6 1 0 331
7 1 1 446
8 1 0 404
9 1 0 429
10 1 0 477
11 1 1 568
12 1 0 574
13 1 1 395
14 1 1 456
15 1 0 376
16 1 0 392
17 1 0 643
18 1 0 721
19 1 1 897
20 1 0 832
21 1 1 535
22 1 1 881
23 1 0 521
24 1 1 1029
25 1 0 1060
26 1 1 1115
27 1 0 1062
28 1 1 1296
29 1 0 633
30 1 0 1358
1 10 1 633
2 10 1 892
3 10 1 844
4 10 0 888
5 10 2 1635
6 10 1 1027
7 10 2 1840
8 10 0 1632
9 10 2 2107
10 10 2 2470
11 10 2 2367
12 10 2 2495
13 10 2 2726
14 10 4 3171
15 10 3 3508
16 10 3 3980
17 10 2 3670
18 10 3 3519
19 10 2 3137
20 10 3 3968
21 10 4 4465
22 10 3 3935
23 10 1 3526
24 10 2 4057
25 10 3 4533
26 10 2 4774
27 10 2 5092
28 10 3 23227
29 10 6 7186
30 10 3 5333
1 20 0 505
2 20 2 1375
3 20 2 1552
4 20 2 2575
5 20 1 2194
6 20 2 2135
7 20 2 3247
8 20 3 3591
9 20 2 4113
10 20 2 4526
11 20 2 4474
12 20 3 5173
13 20 2 5546
14 20 4 6739
15 20 3 6640
16 20 3 5982
17 20 3 7703
18 20 3 8367
19 20 2 6701
20 20 5 10901
21 20 4 12093
22 20 3 9508
23 20 4 9348
24 20 5 11188
25 20 3 9544
26 20 2 9447
27 20 6 13281
28 20 3 12639
29 20 5 12863
30 20 4 12713
1 50 1 1828
2 50 2 3070
3 50 3 4743
4 50 3 6395
5 50 3 7757
6 50 3 8443
7 50 4 10508
8 50 3 12859
9 50 3 16049
10 50 4 20564
11 50 4 21466
12 50 5 24540
13 50 4 25590
14 50 3 26075
15 50 4 31159
16 50 5 32155
17 50 3 34209
18 50 4 41512
19 50 3 33889
20 50 6 42306
21 50 3 49298
22 50 5 40852
23 50 4 44391
24 50 5 51111
25 50 4 53140
26 50 5 57504
27 50 4 51879
28 50 5 65241
29 50 4 60946
30 50 4 68952
1 75 1 3272
2 75 2 6196
3 75 2 9065
4 75 4 16457
5 75 2 14368
6 75 4 20291
7 75 5 26162
8 75 3 22565
9 75 4 30608
10 75 3 33814
11 75 4 33749
12 75 3 38394
13 75 6 46314
14 75 3 41190
15 75 3 47049
16 75 5 55028
17 75 6 59764
18 75 4 57481
19 75 5 66439
20 75 4 63020
21 75 2 66252
22 75 6 70314
23 75 4 72480
24 75 6 84633
25 75 5 82947
26 75 4 80994
27 75 3 87120
28 75 5 88846
29 75 2 90390
30 75 3 97414
1 100 1 3893
2 100 2 9820
3 100 2 12581
4 100 4 19981
5 100 3 22842
6 100 4 29861
7 100 3 31279
8 100 4 38245
9 100 3 42660
10 100 4 43654
11 100 3 44697
12 100 3 52614
13 100 4 55326
14 100 2 59848
15 100 7 70133
16 100 1 63696
17 100 4 71566
18 100 5 76275
19 100 2 78479
20 100 2 86446
21 100 5 95448
22 100 5 90555
23 100 5 106057
24 100 2 96965
25 100 3 105259
26 100 3 106136
27 100 3 108385
28 100 3 115831
29 100 2 123994
30 100 3 126918