75
10 10
1 11
1 11
1 11
1 11
1 11
1 11
1 11
1 11
1 11
20 1

10 20
1 21
1 21
1 21
1 21
1 21
1 21
1 21
1 21
1 21
30 1

11 20
1 21
1 21
1 21
1 21
1 21
1 21
1 21
1 21
1 21
1 21
30 1

12 20
1 21
1 21
1 21
1 21
1 21
1 21
1 21
1 21
1 21
1 21
1 21
30 1

13 20
1 21
1 21
1 21
1 21
1 21
1 21
1 21
1 21
1 21
1 21
1 21
1 21
30 1

14 20
1 21
1 21
1 21
1 21
1 21
1 21
1 21
1 21
1 21
1 21
1 21
1 21
1 21
30 1

15 20
1 21
1 21
1 21
1 21
1 21
1 21
1 21
1 21
1 21
1 21
1 21
1 21
1 21
1 21
30 1

16 20
1 21
1 21
1 21
1 21
1 21
1 21
1 21
1 21
1 21
1 21
1 21
1 21
1 21
1 21
1 21
30 1

17 20
1 21
1 21
1 21
1 21
1 21
1 21
1 21
1 21
1 21
1 21
1 21
1 21
1 21
1 21
1 21
1 21
30 1

18 20
1 21
1 21
1 21
1 21
1 21
1 21
1 21
1 21
1 21
1 21
1 21
1 21
1 21
1 21
1 21
1 21
1 21
30 1

19 20
1 21
1 21
1 21
1 21
1 21
1 21
1 21
1 21
1 21
1 21
1 21
1 21
1 21
1 21
1 21
1 21
1 21
1 21
30 1

20 20
1 21
1 21
1 21
1 21
1 21
1 21
1 21
1 21
1 21
1 21
1 21
1 21
1 21
1 21
1 21
1 21
1 21
1 21
1 21
30 1

10 50
1 51
1 51
1 51
1 51
1 51
1 51
1 51
1 51
1 51
60 1

11 50
1 51
1 51
1 51
1 51
1 51
1 51
1 51
1 51
1 51
1 51
60 1

12 50
1 51
1 51
1 51
1 51
1 51
1 51
1 51
1 51
1 51
1 51
1 51
60 1

13 50
1 51
1 51
1 51
1 51
1 51
1 51
1 51
1 51
1 51
1 51
1 51
1 51
60 1

14 50
1 51
1 51
1 51
1 51
1 51
1 51
1 51
1 51
1 51
1 51
1 51
1 51
1 51
60 1

15 50
1 51
1 51
1 51
1 51
1 51
1 51
1 51
1 51
1 51
1 51
1 51
1 51
1 51
1 51
60 1

16 50
1 51
1 51
1 51
1 51
1 51
1 51
1 51
1 51
1 51
1 51
1 51
1 51
1 51
1 51
1 51
60 1

17 50
1 51
1 51
1 51
1 51
1 51
1 51
1 51
1 51
1 51
1 51
1 51
1 51
1 51
1 51
1 51
1 51
60 1

18 50
1 51
1 51
1 51
1 51
1 51
1 51
1 51
1 51
1 51
1 51
1 51
1 51
1 51
1 51
1 51
1 51
1 51
60 1

19 50
1 51
1 51
1 51
1 51
1 51
1 51
1 51
1 51
1 51
1 51
1 51
1 51
1 51
1 51
1 51
1 51
1 51
1 51
60 1

20 50
1 51
1 51
1 51
1 51
1 51
1 51
1 51
1 51
1 51
1 51
1 51
1 51
1 51
1 51
1 51
1 51
1 51
1 51
1 51
60 1

21 50
1 51
1 51
1 51
1 51
1 51
1 51
1 51
1 51
1 51
1 51
1 51
1 51
1 51
1 51
1 51
1 51
1 51
1 51
1 51
1 51
60 1

22 50
1 51
1 51
1 51
1 51
1 51
1 51
1 51
1 51
1 51
1 51
1 51
1 51
1 51
1 51
1 51
1 51
1 51
1 51
1 51
1 51
1 51
60 1

23 50
1 51
1 51
1 51
1 51
1 51
1 51
1 51
1 51
1 51
1 51
1 51
1 51
1 51
1 51
1 51
1 51
1 51
1 51
1 51
1 51
1 51
1 51
60 1

24 50
1 51
1 51
1 51
1 51
1 51
1 51
1 51
1 51
1 51
1 51
1 51
1 51
1 51
1 51
1 51
1 51
1 51
1 51
1 51
1 51
1 51
1 51
1 51
60 1

25 50
1 51
1 51
1 51
1 51
1 51
1 51
1 51
1 51
1 51
1 51
1 51
1 51
1 51
1 51
1 51
1 51
1 51
1 51
1 51
1 51
1 51
1 51
1 51
1 51
60 1

26 50
1 51
1 51
1 51
1 51
1 51
1 51
1 51
1 51
1 51
1 51
1 51
1 51
1 51
1 51
1 51
1 51
1 51
1 51
1 51
1 51
1 51
1 51
1 51
1 51
1 51
60 1

27 50
1 51
1 51
1 51
1 51
1 51
1 51
1 51
1 51
1 51
1 51
1 51
1 51
1 51
1 51
1 51
1 51
1 51
1 51
1 51
1 51
1 51
1 51
1 51
1 51
1 51
1 51
60 1

28 50
1 51
1 51
1 51
1 51
1 51
1 51
1 51
1 51
1 51
1 51
1 51
1 51
1 51
1 51
1 51
1 51
1 51
1 51
1 51
1 51
1 51
1 51
1 51
1 51
1 51
1 51
1 51
60 1

29 50
1 51
1 51
1 51
1 51
1 51
1 51
1 51
1 51
1 51
1 51
1 51
1 51
1 51
1 51
1 51
1 51
1 51
1 51
1 51
1 51
1 51
1 51
1 51
1 51
1 51
1 51
1 51
1 51
60 1

30 50
1 51
1 51
1 51
1 51
1 51
1 51
1 51
1 51
1 51
1 51
1 51
1 51
1 51
1 51
1 51
1 51
1 51
1 51
1 51
1 51
1 51
1 51
1 51
1 51
1 51
1 51
1 51
1 51
1 51
60 1

10 75
1 76
1 76
1 76
1 76
1 76
1 76
1 76
1 76
1 76
85 1

11 75
1 76
1 76
1 76
1 76
1 76
1 76
1 76
1 76
1 76
1 76
85 1

12 75
1 76
1 76
1 76
1 76
1 76
1 76
1 76
1 76
1 76
1 76
1 76
85 1

13 75
1 76
1 76
1 76
1 76
1 76
1 76
1 76
1 76
1 76
1 76
1 76
1 76
85 1

14 75
1 76
1 76
1 76
1 76
1 76
1 76
1 76
1 76
1 76
1 76
1 76
1 76
1 76
85 1

15 75
1 76
1 76
1 76
1 76
1 76
1 76
1 76
1 76
1 76
1 76
1 76
1 76
1 76
1 76
85 1

16 75
1 76
1 76
1 76
1 76
1 76
1 76
1 76
1 76
1 76
1 76
1 76
1 76
1 76
1 76
1 76
85 1

17 75
1 76
1 76
1 76
1 76
1 76
1 76
1 76
1 76
1 76
1 76
1 76
1 76
1 76
1 76
1 76
1 76
85 1

18 75
1 76
1 76
1 76
1 76
1 76
1 76
1 76
1 76
1 76
1 76
1 76
1 76
1 76
1 76
1 76
1 76
1 76
85 1

19 75
1 76
1 76
1 76
1 76
1 76
1 76
1 76
1 76
1 76
1 76
1 76
1 76
1 76
1 76
1 76
1 76
1 76
1 76
85 1

20 75
1 76
1 76
1 76
1 76
1 76
1 76
1 76
1 76
1 76
1 76
1 76
1 76
1 76
1 76
1 76
1 76
1 76
1 76
1 76
85 1

21 75
1 76
1 76
1 76
1 76
1 76
1 76
1 76
1 76
1 76
1 76
1 76
1 76
1 76
1 76
1 76
1 76
1 76
1 76
1 76
1 76
85 1

22 75
1 76
1 76
1 76
1 76
1 76
1 76
1 76
1 76
1 76
1 76
1 76
1 76
1 76
1 76
1 76
1 76
1 76
1 76
1 76
1 76
1 76
85 1

23 75
1 76
1 76
1 76
1 76
1 76
1 76
1 76
1 76
1 76
1 76
1 76
1 76
1 76
1 76
1 76
1 76
1 76
1 76
1 76
1 76
1 76
1 76
85 1

24 75
1 76
1 76
1 76
1 76
1 76
1 76
1 76
1 76
1 76
1 76
1 76
1 76
1 76
1 76
1 76
1 76
1 76
1 76
1 76
1 76
1 76
1 76
1 76
85 1

25 75
1 76
1 76
1 76
1 76
1 76
1 76
1 76
1 76
1 76
1 76
1 76
1 76
1 76
1 76
1 76
1 76
1 76
1 76
1 76
1 76
1 76
1 76
1 76
1 76
85 1

26 75
1 76
1 76
1 76
1 76
1 76
1 76
1 76
1 76
1 76
1 76
1 76
1 76
1 76
1 76
1 76
1 76
1 76
1 76
1 76
1 76
1 76
1 76
1 76
1 76
1 76
85 1

27 75
1 76
1 76
1 76
1 76
1 76
1 76
1 76
1 76
1 76
1 76
1 76
1 76
1 76
1 76
1 76
1 76
1 76
1 76
1 76
1 76
1 76
1 76
1 76
1 76
1 76
1 76
85 1

28 75
1 76
1 76
1 76
1 76
1 76
1 76
1 76
1 76
1 76
1 76
1 76
1 76
1 76
1 76
1 76
1 76
1 76
1 76
1 76
1 76
1 76
1 76
1 76
1 76
1 76
1 76
1 76
85 1

29 75
1 76
1 76
1 76
1 76
1 76
1 76
1 76
1 76
1 76
1 76
1 76
1 76
1 76
1 76
1 76
1 76
1 76
1 76
1 76
1 76
1 76
1 76
1 76
1 76
1 76
1 76
1 76
1 76
85 1

30 75
1 76
1 76
1 76
1 76
1 76
1 76
1 76
1 76
1 76
1 76
1 76
1 76
1 76
1 76
1 76
1 76
1 76
1 76
1 76
1 76
1 76
1 76
1 76
1 76
1 76
1 76
1 76
1 76
1 76
85 1

10 100
1 101
1 101
1 101
1 101
1 101
1 101
1 101
1 101
1 101
110 1

11 100
1 101
1 101
1 101
1 101
1 101
1 101
1 101
1 101
1 101
1 101
110 1

12 100
1 101
1 101
1 101
1 101
1 101
1 101
1 101
1 101
1 101
1 101
1 101
110 1

13 100
1 101
1 101
1 101
1 101
1 101
1 101
1 101
1 101
1 101
1 101
1 101
1 101
110 1

14 100
1 101
1 101
1 101
1 101
1 101
1 101
1 101
1 101
1 101
1 101
1 101
1 101
1 101
110 1

15 100
1 101
1 101
1 101
1 101
1 101
1 101
1 101
1 101
1 101
1 101
1 101
1 101
1 101
1 101
110 1

16 100
1 101
1 101
1 101
1 101
1 101
1 101
1 101
1 101
1 101
1 101
1 101
1 101
1 101
1 101
1 101
110 1

17 100
1 101
1 101
1 101
1 101
1 101
1 101
1 101
1 101
1 101
1 101
1 101
1 101
1 101
1 101
1 101
1 101
110 1

18 100
1 101
1 101
1 101
1 101
1 101
1 101
1 101
1 101
1 101
1 101
1 101
1 101
1 101
1 101
1 101
1 101
1 101
110 1

19 100
1 101
1 101
1 101
1 101
1 101
1 101
1 101
1 101
1 101
1 101
1 101
1 101
1 101
1 101
1 101
1 101
1 101
1 101
110 1

20 100
1 101
1 101
1 101
1 101
1 101
1 101
1 101
1 101
1 101
1 101
1 101
1 101
1 101
1 101
1 101
1 101
1 101
1 101
1 101
110 1

21 100
1 101
1 101
1 101
1 101
1 101
1 101
1 101
1 101
1 101
1 101
1 101
1 101
1 101
1 101
1 101
1 101
1 101
1 101
1 101
1 101
110 1

22 100
1 101
1 101
1 101
1 101
1 101
1 101
1 101
1 101
1 101
1 101
1 101
1 101
1 101
1 101
1 101
1 101
1 101
1 101
1 101
1 101
1 101
110 1

23 100
1 101
1 101
1 101
1 101
1 101
1 101
1 101
1 101
1 101
1 101
1 101
1 101
1 101
1 101
1 101
1 101
1 101
1 101
1 101
1 101
1 101
1 101
110 1

24 100
1 101
1 101
1 101
1 101
1 101
1 101
1 101
1 101
1 101
1 101
1 101
1 101
1 101
1 101
1 101
1 101
1 101
1 101
1 101
1 101
1 101
1 101
1 101
110 1

25 100
1 101
1 101
1 101
1 101
1 101
1 101
1 101
1 101
1 101
1 101
1 101
1 101
1 101
1 101
1 101
1 101
1 101
1 101
1 101
1 101
1 101
1 101
1 101
1 101
110 1

26 100
1 101
1 101
1 101
1 101
1 101
1 101
1 101
1 101
1 101
1 101
1 101
1 101
1 101
1 101
1 101
1 101
1 101
1 101
1 101
1 101
1 101
1 101
1 101
1 101
1 101
110 1

27 100
1 101
1 101
1 101
1 101
1 101
1 101
1 101
1 101
1 101
1 101
1 101
1 101
1 101
1 101
1 101
1 101
1 101
1 101
1 101
1 101
1 101
1 101
1 101
1 101
1 101
1 101
110 1

28 100
1 101
1 101
1 101
1 101
1 101
1 101
1 101
1 101
1 101
1 101
1 101
1 101
1 101
1 101
1 101
1 101
1 101
1 101
1 101
1 101
1 101
1 101
1 101
1 101
1 101
1 101
1 101
110 1

29 100
1 101
1 101
1 101
1 101
1 101
1 101
1 101
1 101
1 101
1 101
1 101
1 101
1 101
1 101
1 101
1 101
1 101
1 101
1 101
1 101
1 101
1 101
1 101
1 101
1 101
1 101
1 101
1 101
110 1

30 100
1 101
1 101
1 101
1 101
1 101
1 101
1 101
1 101
1 101
1 101
1 101
1 101
1 101
1 101
1 101
1 101
1 101
1 101
1 101
1 101
1 101
1 101
1 101
1 101
1 101
1 101
1 101
1 101
1 101
110 1

10 10
1 11
1 11
1 11
1 11
1 11
1 11
1 11
1 11
1 11
20 1

10 20
1 21
1 21
1 21
1 21
1 21
1 21
1 21
1 21
1 21
30 1

11 20
1 21
1 21
1 21
1 21
1 21
1 21
1 21
1 21
1 21
1 21
30 1

12 20
1 21
1 21
1 21
1 21
1 21
1 21
1 21
1 21
1 21
1 21
1 21
30 1

13 20
1 21
1 21
1 21
1 21
1 21
1 21
1 21
1 21
1 21
1 21
1 21
1 21
30 1

14 20
1 21
1 21
1 21
1 21
1 21
1 21
1 21
1 21
1 21
1 21
1 21
1 21
1 21
30 1

15 20
1 21
1 21
1 21
1 21
1 21
1 21
1 21
1 21
1 21
1 21
1 21
1 21
1 21
1 21
30 1

16 20
1 21
1 21
1 21
1 21
1 21
1 21
1 21
1 21
1 21
1 21
1 21
1 21
1 21
1 21
1 21
30 1

17 20
1 21
1 21
1 21
1 21
1 21
1 21
1 21
1 21
1 21
1 21
1 21
1 21
1 21
1 21
1 21
1 21
30 1

18 20
1 21
1 21
1 21
1 21
1 21
1 21
1 21
1 21
1 21
1 21
1 21
1 21
1 21
1 21
1 21
1 21
1 21
30 1

19 20
1 21
1 21
1 21
1 21
1 21
1 21
1 21
1 21
1 21
1 21
1 21
1 21
1 21
1 21
1 21
1 21
1 21
1 21
30 1

20 20
1 21
1 21
1 21
1 21
1 21
1 21
1 21
1 21
1 21
1 21
1 21
1 21
1 21
1 21
1 21
1 21
1 21
1 21
1 21
30 1

10 50
1 51
1 51
1 51
1 51
1 51
1 51
1 51
1 51
1 51
60 1

11 50
1 51
1 51
1 51
1 51
1 51
1 51
1 51
1 51
1 51
1 51
60 1

12 50
1 51
1 51
1 51
1 51
1 51
1 51
1 51
1 51
1 51
1 51
1 51
60 1

13 50
1 51
1 51
1 51
1 51
1 51
1 51
1 51
1 51
1 51
1 51
1 51
1 51
60 1

14 50
1 51
1 51
1 51
1 51
1 51
1 51
1 51
1 51
1 51
1 51
1 51
1 51
1 51
60 1

15 50
1 51
1 51
1 51
1 51
1 51
1 51
1 51
1 51
1 51
1 51
1 51
1 51
1 51
1 51
60 1

16 50
1 51
1 51
1 51
1 51
1 51
1 51
1 51
1 51
1 51
1 51
1 51
1 51
1 51
1 51
1 51
60 1

17 50
1 51
1 51
1 51
1 51
1 51
1 51
1 51
1 51
1 51
1 51
1 51
1 51
1 51
1 51
1 51
1 51
60 1

18 50
1 51
1 51
1 51
1 51
1 51
1 51
1 51
1 51
1 51
1 51
1 51
1 51
1 51
1 51
1 51
1 51
1 51
60 1

19 50
1 51
1 51
1 51
1 51
1 51
1 51
1 51
1 51
1 51
1 51
1 51
1 51
1 51
1 51
1 51
1 51
1 51
1 51
60 1

20 50
1 51
1 51
1 51
1 51
1 51
1 51
1 51
1 51
1 51
1 51
1 51
1 51
1 51
1 51
1 51
1 51
1 51
1 51
1 51
60 1

21 50
1 51
1 51
1 51
1 51
1 51
1 51
1 51
1 51
1 51
1 51
1 51
1 51
1 51
1 51
1 51
1 51
1 51
1 51
1 51
1 51
60 1

22 50
1 51
1 51
1 51
1 51
1 51
1 51
1 51
1 51
1 51
1 51
1 51
1 51
1 51
1 51
1 51
1 51
1 51
1 51
1 51
1 51
1 51
60 1

23 50
1 51
1 51
1 51
1 51
1 51
1 51
1 51
1 51
1 51
1 51
1 51
1 51
1 51
1 51
1 51
1 51
1 51
1 51
1 51
1 51
1 51
1 51
60 1

24 50
1 51
1 51
1 51
1 51
1 51
1 51
1 51
1 51
1 51
1 51
1 51
1 51
1 51
1 51
1 51
1 51
1 51
1 51
1 51
1 51
1 51
1 51
1 51
60 1

25 50
1 51
1 51
1 51
1 51
1 51
1 51
1 51
1 51
1 51
1 51
1 51
1 51
1 51
1 51
1 51
1 51
1 51
1 51
1 51
1 51
1 51
1 51
1 51
1 51
60 1

26 50
1 51
1 51
1 51
1 51
1 51
1 51
1 51
1 51
1 51
1 51
1 51
1 51
1 51
1 51
1 51
1 51
1 51
1 51
1 51
1 51
1 51
1 51
1 51
1 51
1 51
60 1

27 50
1 51
1 51
1 51
1 51
1 51
1 51
1 51
1 51
1 51
1 51
1 51
1 51
1 51
1 51
1 51
1 51
1 51
1 51
1 51
1 51
1 51
1 51
1 51
1 51
1 51
1 51
60 1

28 50
1 51
1 51
1 51
1 51
1 51
1 51
1 51
1 51
1 51
1 51
1 51
1 51
1 51
1 51
1 51
1 51
1 51
1 51
1 51
1 51
1 51
1 51
1 51
1 51
1 51
1 51
1 51
60 1

29 50
1 51
1 51
1 51
1 51
1 51
1 51
1 51
1 51
1 51
1 51
1 51
1 51
1 51
1 51
1 51
1 51
1 51
1 51
1 51
1 51
1 51
1 51
1 51
1 51
1 51
1 51
1 51
1 51
60 1

30 50
1 51
1 51
1 51
1 51
1 51
1 51
1 51
1 51
1 51
1 51
1 51
1 51
1 51
1 51
1 51
1 51
1 51
1 51
1 51
1 51
1 51
1 51
1 51
1 51
1 51
1 51
1 51
1 51
1 51
60 1

10 75
1 76
1 76
1 76
1 76
1 76
1 76
1 76
1 76
1 76
85 1

11 75
1 76
1 76
1 76
1 76
1 76
1 76
1 76
1 76
1 76
1 76
85 1

12 75
1 76
1 76
1 76
1 76
1 76
1 76
1 76
1 76
1 76
1 76
1 76
85 1

13 75
1 76
1 76
1 76
1 76
1 76
1 76
1 76
1 76
1 76
1 76
1 76
1 76
85 1

14 75
1 76
1 76
1 76
1 76
1 76
1 76
1 76
1 76
1 76
1 76
1 76
1 76
1 76
85 1

15 75
1 76
1 76
1 76
1 76
1 76
1 76
1 76
1 76
1 76
1 76
1 76
1 76
1 76
1 76
85 1

16 75
1 76
1 76
1 76
1 76
1 76
1 76
1 76
1 76
1 76
1 76
1 76
1 76
1 76
1 76
1 76
85 1

17 75
1 76
1 76
1 76
1 76
1 76
1 76
1 76
1 76
1 76
1 76
1 76
1 76
1 76
1 76
1 76
1 76
85 1

18 75
1 76
1 76
1 76
1 76
1 76
1 76
1 76
1 76
1 76
1 76
1 76
1 76
1 76
1 76
1 76
1 76
1 76
85 1

19 75
1 76
1 76
1 76
1 76
1 76
1 76
1 76
1 76
1 76
1 76
1 76
1 76
1 76
1 76
1 76
1 76
1 76
1 76
85 1

20 75
1 76
1 76
1 76
1 76
1 76
1 76
1 76
1 76
1 76
1 76
1 76
1 76
1 76
1 76
1 76
1 76
1 76
1 76
1 76
85 1

21 75
1 76
1 76
1 76
1 76
1 76
1 76
1 76
1 76
1 76
1 76
1 76
1 76
1 76
1 76
1 76
1 76
1 76
1 76
1 76
1 76
85 1

22 75
1 76
1 76
1 76
1 76
1 76
1 76
1 76
1 76
1 76
1 76
1 76
1 76
1 76
1 76
1 76
1 76
1 76
1 76
1 76
1 76
1 76
85 1

23 75
1 76
1 76
1 76
1 76
1 76
1 76
1 76
1 76
1 76
1 76
1 76
1 76
1 76
1 76
1 76
1 76
1 76
1 76
1 76
1 76
1 76
1 76
85 1

24 75
1 76
1 76
1 76
1 76
1 76
1 76
1 76
1 76
1 76
1 76
1 76
1 76
1 76
1 76
1 76
1 76
1 76
1 76
1 76
1 76
1 76
1 76
1 76
85 1

25 75
1 76
1 76
1 76
1 76
1 76
1 76
1 76
1 76
1 76
1 76
1 76
1 76
1 76
1 76
1 76
1 76
1 76
1 76
1 76
1 76
1 76
1 76
1 76
1 76
85 1

26 75
1 76
1 76
1 76
1 76
1 76
1 76
1 76
1 76
1 76
1 76
1 76
1 76
1 76
1 76
1 76
1 76
1 76
1 76
1 76
1 76
1 76
1 76
1 76
1 76
1 76
85 1

27 75
1 76
1 76
1 76
1 76
1 76
1 76
1 76
1 76
1 76
1 76
1 76
1 76
1 76
1 76
1 76
1 76
1 76
1 76
1 76
1 76
1 76
1 76
1 76
1 76
1 76
1 76
85 1

28 75
1 76
1 76
1 76
1 76
1 76
1 76
1 76
1 76
1 76
1 76
1 76
1 76
1 76
1 76
1 76
1 76
1 76
1 76
1 76
1 76
1 76
1 76
1 76
1 76
1 76
1 76
1 76
85 1

29 75
1 76
1 76
1 76
1 76
1 76
1 76
1 76
1 76
1 76
1 76
1 76
1 76
1 76
1 76
1 76
1 76
1 76
1 76
1 76
1 76
1 76
1 76
1 76
1 76
1 76
1 76
1 76
1 76
85 1

30 75
1 76
1 76
1 76
1 76
1 76
1 76
1 76
1 76
1 76
1 76
1 76
1 76
1 76
1 76
1 76
1 76
1 76
1 76
1 76
1 76
1 76
1 76
1 76
1 76
1 76
1 76
1 76
1 76
1 76
85 1

10 100
1 101
1 101
1 101
1 101
1 101
1 101
1 101
1 101
1 101
110 1

11 100
1 101
1 101
1 101
1 101
1 101
1 101
1 101
1 101
1 101
1 101
110 1

12 100
1 101
1 101
1 101
1 101
1 101
1 101
1 101
1 101
1 101
1 101
1 101
110 1

13 100
1 101
1 101
1 101
1 101
1 101
1 101
1 101
1 101
1 101
1 101
1 101
1 101
110 1

14 100
1 101
1 101
1 101
1 101
1 101
1 101
1 101
1 101
1 101
1 101
1 101
1 101
1 101
110 1

15 100
1 101
1 101
1 101
1 101
1 101
1 101
1 101
1 101
1 101
1 101
1 101
1 101
1 101
1 101
110 1

16 100
1 101
1 101
1 101
1 101
1 101
1 101
1 101
1 101
1 101
1 101
1 101
1 101
1 101
1 101
1 101
110 1

17 100
1 101
1 101
1 101
1 101
1 101
1 101
1 101
1 101
1 101
1 101
1 101
1 101
1 101
1 101
1 101
1 101
110 1

18 100
1 101
1 101
1 101
1 101
1 101
1 101
1 101
1 101
1 101
1 101
1 101
1 101
1 101
1 101
1 101
1 101
1 101
110 1

19 100
1 101
1 101
1 101
1 101
1 101
1 101
1 101
1 101
1 101
1 101
1 101
1 101
1 101
1 101
1 101
1 101
1 101
1 101
110 1

20 100
1 101
1 101
1 101
1 101
1 101
1 101
1 101
1 101
1 101
1 101
1 101
1 101
1 101
1 101
1 101
1 101
1 101
1 101
1 101
110 1

21 100
1 101
1 101
1 101
1 101
1 101
1 101
1 101
1 101
1 101
1 101
1 101
1 101
1 101
1 101
1 101
1 101
1 101
1 101
1 101
1 101
110 1

22 100
1 101
1 101
1 101
1 101
1 101
1 101
1 101
1 101
1 101
1 101
1 101
1 101
1 101
1 101
1 101
1 101
1 101
1 101
1 101
1 101
1 101
110 1

23 100
1 101
1 101
1 101
1 101
1 101
1 101
1 101
1 101
1 101
1 101
1 101
1 101
1 101
1 101
1 101
1 101
1 101
1 101
1 101
1 101
1 101
1 101
110 1

24 100
1 101
1 101
1 101
1 101
1 101
1 101
1 101
1 101
1 101
1 101
1 101
1 101
1 101
1 101
1 101
1 101
1 101
1 101
1 101
1 101
1 101
1 101
1 101
110 1

25 100
1 101
1 101
1 101
1 101
1 101
1 101
1 101
1 101
1 101
1 101
1 101
1 101
1 101
1 101
1 101
1 101
1 101
1 101
1 101
1 101
1 101
1 101
1 101
1 101
110 1

26 100
1 101
1 101
1 101
1 101
1 101
1 101
1 101
1 101
1 101
1 101
1 101
1 101
1 101
1 101
1 101
1 101
1 101
1 101
1 101
1 101
1 101
1 101
1 101
1 101
1 101
110 1

27 100
1 101
1 101
1 101
1 101
1 101
1 101
1 101
1 101
1 101
1 101
1 101
1 101
1 101
1 101
1 101
1 101
1 101
1 101
1 101
1 101
1 101
1 101
1 101
1 101
1 101
1 101
110 1

28 100
1 101
1 101
1 101
1 101
1 101
1 101
1 101
1 101
1 101
1 101
1 101
1 101
1 101
1 101
1 101
1 101
1 101
1 101
1 101
1 101
1 101
1 101
1 101
1 101
1 101
1 101
1 101
110 1

29 100
1 101
1 101
1 101
1 101
1 101
1 101
1 101
1 101
1 101
1 101
1 101
1 101
1 101
1 101
1 101
1 101
1 101
1 101
1 101
1 101
1 101
1 101
1 101
1 101
1 101
1 101
1 101
1 101
110 1

30 100
1 101
1 101
1 101
1 101
1 101
1 101
1 101
1 101
1 101
1 101
1 101
1 101
1 101
1 101
1 101
1 101
1 101
1 101
1 101
1 101
1 101
1 101
1 101
1 101
1 101
1 101
1 101
1 101
1 101
110 1

