n r res t
1 10 0 479
2 10 0 198
3 10 1 401
4 10 0 165
5 10 2 690
6 10 2 651
7 10 3 923
8 10 1 966
9 10 2 1938
10 10 1 614
11 10 1 921
12 10 2 2228
13 10 2 1698
14 10 2 1681
15 10 4 3287
16 10 2 2353
17 10 3 6603
18 10 2 2902
19 10 4 14240
20 10 3 4933
21 10 3 12265
22 10 3 2799
23 10 3 14648
24 10 3 12135
25 10 3 11885
26 10 5 70277
27 10 4 28616
28 10 3 15292
29 10 3 9699
30 10 4 27893
1 20 1 111
2 20 1 170
3 20 1 337
4 20 1 391
5 20 2 865
6 20 2 979
7 20 2 1034
8 20 3 2580
9 20 4 5059
10 20 3 3625
11 20 2 1660
12 20 4 7433
13 20 4 6427
14 20 4 6142
15 20 3 12662
16 20 4 9360
17 20 5 31157
18 20 4 21383
19 20 4 7638
20 20 2 10886
21 20 4 18509
22 20 3 8290
23 20 5 49783
24 20 5 86137
25 20 6 111016
26 20 4 75963
27 20 3 17830
28 20 6 101274
29 20 5 122622
30 20 5 81149
1 50 1 109
2 50 2 257
3 50 2 460
4 50 3 962
5 50 3 1485
6 50 3 2198
7 50 3 2982
8 50 4 5248
9 50 5 7789
10 50 5 20325
11 50 5 22024
12 50 3 10951
13 50 5 29701
14 50 5 37187
15 50 3 22475
16 50 3 13558
17 50 5 41897
18 50 4 40991
19 50 7 246938
20 50 6 221603
21 50 5 69279
22 50 5 112436
23 50 6 228167
24 50 5 156353
25 50 6 435849
26 50 9 1672806
27 50 8 2207924
28 50 9 1078327
29 50 5 243071
30 50 7 993956
1 75 1 110
2 75 1 158
3 75 3 414
4 75 2 692
5 75 3 1005
6 75 3 1857
7 75 3 2733
8 75 5 4341
9 75 5 7578
10 75 4 7849
11 75 5 15963
12 75 5 24884
13 75 6 31584
14 75 5 36133
15 75 4 30511
16 75 6 33040
17 75 7 99523
18 75 6 138034
19 75 7 440118
20 75 6 86898
21 75 7 226132
22 75 6 109287
23 75 9 569065
24 75 6 328220
25 75 7 331792
26 75 8 1137714
27 75 8 1632176
28 75 6 564601
29 75 8 1283200
30 75 7 1131540
1 100 1 133
2 100 2 184
3 100 2 278
4 100 3 695
5 100 3 1278
6 100 3 1088
7 100 4 3714
8 100 6 5817
9 100 4 6805
10 100 3 6078
11 100 5 8878
12 100 7 31712
13 100 3 10243
14 100 6 43239
15 100 4 28087
16 100 6 60421
17 100 6 65673
18 100 5 42793
19 100 7 177601
20 100 5 110428
21 100 8 528641
22 100 7 504214
23 100 8 279033
24 100 5 193670
25 100 7 433126
26 100 7 432594
27 100 8 701884
28 100 8 1920611
29 100 7 746223
30 100 7 646814
1 1000 1 90
2 1000 2 198
3 1000 2 276
4 1000 3 723
5 1000 3 1146
6 1000 4 1984
7 1000 3 2453
8 1000 4 4607
9 1000 5 5949
10 1000 3 6019
11 1000 5 11676
12 1000 5 23630
13 1000 4 10597
14 1000 6 45860
15 1000 5 33143
16 1000 6 76311
17 1000 5 46879
18 1000 7 98667
19 1000 6 110814
20 1000 6 135047
21 1000 6 100902
22 1000 6 53668
23 1000 6 182022
24 1000 10 1043619
25 1000 7 566278
26 1000 6 158541
27 1000 7 271453
28 1000 7 381633
29 1000 9 854513
30 1000 6 514469
1 10 1 64
2 10 0 84
3 10 2 198
4 10 1 171
5 10 0 173
6 10 1 278
7 10 2 857
8 10 1 554
9 10 2 552
10 10 1 441
11 10 2 1048
12 10 2 328
13 10 3 1288
14 10 2 994
15 10 1 1036
16 10 2 1857
17 10 3 3078
18 10 3 1997
19 10 5 7567
20 10 2 2789
21 10 2 2745
22 10 4 6113
23 10 2 2589
24 10 3 6785
25 10 2 4635
26 10 2 2478
27 10 2 3630
28 10 4 9111
29 10 4 13804
30 10 3 4123
1 20 1 59
2 20 1 109
3 20 1 128
4 20 2 318
5 20 2 543
6 20 2 461
7 20 1 598
8 20 3 999
9 20 2 1184
10 20 3 2156
11 20 3 1552
12 20 3 3168
13 20 3 4176
14 20 4 3013
15 20 3 3795
16 20 4 5277
17 20 4 1936
18 20 3 8425
19 20 4 14409
20 20 4 5971
21 20 4 6898
22 20 3 12492
23 20 5 13537
24 20 4 9951
25 20 4 10711
26 20 5 53462
27 20 4 10063
28 20 4 11673
29 20 4 23286
30 20 4 17399
1 50 1 62
2 50 2 135
3 50 3 247
4 50 3 435
5 50 3 756
6 50 3 928
7 50 5 2004
8 50 5 3637
9 50 4 3021
10 50 4 4221
11 50 4 4989
12 50 5 14751
13 50 5 16116
14 50 5 19089
15 50 5 18902
16 50 6 26929
17 50 4 25215
18 50 4 17364
19 50 5 50529
20 50 7 85133
21 50 8 252594
22 50 6 124585
23 50 5 47054
24 50 8 357970
25 50 6 110041
26 50 6 283245
27 50 9 528841
28 50 6 126936
29 50 7 248602
30 50 10 2170026
1 75 1 46
2 75 2 103
3 75 1 175
4 75 2 432
5 75 3 654
6 75 3 1069
7 75 3 1876
8 75 4 2461
9 75 5 5857
10 75 4 3992
11 75 3 3547
12 75 5 16859
13 75 6 13687
14 75 4 16517
15 75 4 20156
16 75 5 19746
17 75 6 37332
18 75 6 72437
19 75 6 51287
20 75 6 54281
21 75 8 163959
22 75 8 169307
23 75 8 193339
24 75 5 161823
25 75 7 373603
26 75 8 522727
27 75 9 646949
28 75 8 560909
29 75 7 404438
30 75 8 1187740
1 100 1 132
2 100 2 200
3 100 2 377
4 100 2 657
5 100 2 880
6 100 4 2540
7 100 4 2715
8 100 4 5068
9 100 5 7719
10 100 4 5381
11 100 5 9233
12 100 4 15901
13 100 3 6245
14 100 4 9518
15 100 5 22337
16 100 6 28897
17 100 6 62370
18 100 7 79344
19 100 5 47016
20 100 5 44339
21 100 5 30568
22 100 5 70189
23 100 6 171116
24 100 9 414606
25 100 7 256821
26 100 8 782615
27 100 6 261642
28 100 7 831392
29 100 9 1488482
30 100 8 1258507
1 1000 1 86
2 1000 2 178
3 1000 2 327
4 1000 3 617
5 1000 2 625
6 1000 4 1122
7 1000 2 1213
8 1000 4 3372
9 1000 5 4981
10 1000 5 4211
11 1000 4 7220
12 1000 4 10078
13 1000 6 24819
14 1000 6 23535
15 1000 5 31540
16 1000 6 37304
17 1000 6 48110
18 1000 7 54864
19 1000 5 47422
20 1000 8 142628
21 1000 7 133998
22 1000 9 204545
23 1000 7 292928
24 1000 7 305157
25 1000 6 149373
26 1000 8 447046
27 1000 5 226649
28 1000 6 166573
29 1000 6 146273
30 1000 7 629192
1 10 0 65
2 10 1 138
3 10 0 111
4 10 2 208
5 10 2 375
6 10 3 684
7 10 1 303
8 10 3 500
9 10 2 1321
10 10 2 593
11 10 2 806
12 10 1 716
13 10 2 1146
14 10 2 1990
15 10 3 2601
16 10 2 2616
17 10 3 4565
18 10 3 4619
19 10 3 2680
20 10 1 832
21 10 2 2183
22 10 2 1698
23 10 3 1330
24 10 3 2903
25 10 3 5193
26 10 4 6837
27 10 2 3073
28 10 4 14406
29 10 3 7087
30 10 3 4373
1 20 1 55
2 20 1 115
3 20 3 233
4 20 2 265
5 20 2 412
6 20 2 274
7 20 2 619
8 20 3 1734
9 20 2 452
10 20 1 592
11 20 2 1098
12 20 2 1481
13 20 3 1826
14 20 4 6968
15 20 3 2293
16 20 4 7656
17 20 4 7327
18 20 3 4340
19 20 3 3782
20 20 4 11926
21 20 3 9604
22 20 5 11891
23 20 2 4520
24 20 7 25177
25 20 6 44093
26 20 5 39773
27 20 4 23345
28 20 6 94591
29 20 3 16081
30 20 4 15343
1 50 1 53
2 50 1 123
3 50 2 216
4 50 3 329
5 50 2 627
6 50 3 955
7 50 3 1193
8 50 3 1652
9 50 5 5452
10 50 4 3669
11 50 6 13666
12 50 5 11022
13 50 5 9891
14 50 4 9705
15 50 4 24487
16 50 6 27849
17 50 5 27302
18 50 6 49511
19 50 6 64325
20 50 3 16303
21 50 7 192840
22 50 6 104213
23 50 5 81762
24 50 6 411975
25 50 8 403955
26 50 7 246974
27 50 5 139061
28 50 8 1186359
29 50 7 264516
30 50 7 419678
1 75 1 82
2 75 2 147
3 75 2 205
4 75 3 328
5 75 4 843
6 75 5 1596
7 75 4 2262
8 75 2 1587
9 75 4 4243
10 75 5 3379
11 75 5 14470
12 75 3 8028
13 75 6 18711
14 75 4 9950
15 75 7 63891
16 75 5 31212
17 75 8 48860
18 75 7 174301
19 75 6 62185
20 75 7 188642
21 75 8 124388
22 75 7 49894
23 75 6 175903
24 75 7 292205
25 75 5 122406
26 75 7 314237
27 75 7 260315
28 75 5 81203
29 75 8 359106
30 75 6 289653
1 100 1 62
2 100 2 124
3 100 2 229
4 100 2 402
5 100 2 634
6 100 5 1676
7 100 2 926
8 100 4 2602
9 100 3 2789
10 100 4 4444
11 100 4 10048
12 100 6 12871
13 100 3 5531
14 100 5 19427
15 100 5 14997
16 100 6 30002
17 100 6 68766
18 100 8 104593
19 100 6 66236
20 100 6 76711
21 100 6 93253
22 100 6 180972
23 100 8 489493
24 100 6 187911
25 100 6 163771
26 100 8 606866
27 100 7 649924
28 100 7 461245
29 100 8 686618
30 100 11 4198266
1 1000 1 41
2 1000 1 112
3 1000 2 266
4 1000 2 308
5 1000 4 1047
6 1000 3 919
7 1000 5 3084
8 1000 4 2601
9 1000 4 5019
10 1000 5 9437
11 1000 6 8435
12 1000 4 8199
13 1000 4 13371
14 1000 4 12192
15 1000 4 32847
16 1000 6 31222
17 1000 6 65143
18 1000 6 37860
19 1000 8 155395
20 1000 6 106077
21 1000 8 382879
22 1000 6 189452
23 1000 7 146442
24 1000 6 85694
25 1000 7 366863
26 1000 5 187782
27 1000 5 175370
28 1000 8 843030
29 1000 7 523088
30 1000 7 852587
1 10 0 74
2 10 0 86
3 10 1 146
4 10 1 167
5 10 2 278
6 10 1 276
7 10 2 271
8 10 2 495
9 10 2 964
10 10 2 603
11 10 2 1790
12 10 2 1371
13 10 2 949
14 10 2 922
15 10 2 1310
16 10 3 1856
17 10 3 2046
18 10 2 2988
19 10 2 3389
20 10 4 5265
21 10 4 5501
22 10 3 10486
23 10 2 2648
24 10 4 9978
25 10 2 3406
26 10 3 2815
27 10 2 8449
28 10 2 2947
29 10 4 11963
30 10 3 10404
1 20 0 59
2 20 1 96
3 20 2 231
4 20 2 196
5 20 1 257
6 20 3 692
7 20 4 858
8 20 2 650
9 20 2 551
10 20 2 910
11 20 4 1913
12 20 2 2069
13 20 2 2107
14 20 2 1317
15 20 4 3705
16 20 5 14797
17 20 4 12575
18 20 4 6678
19 20 4 21334
20 20 3 7864
21 20 3 15757
22 20 2 6231
23 20 3 11349
24 20 3 12849
25 20 5 20440
26 20 5 16720
27 20 4 13477
28 20 7 94173
29 20 4 30335
30 20 5 65368
1 50 1 70
2 50 2 129
3 50 2 224
4 50 3 385
5 50 3 754
6 50 5 1230
7 50 4 1814
8 50 5 3284
9 50 4 3442
10 50 6 10651
11 50 4 7184
12 50 4 5822
13 50 4 9205
14 50 5 21685
15 50 5 20630
16 50 5 23359
17 50 7 49368
18 50 5 38968
19 50 4 31177
20 50 7 110995
21 50 4 31261
22 50 7 311876
23 50 6 210789
24 50 6 161822
25 50 8 438301
26 50 7 159180
27 50 7 261726
28 50 7 252079
29 50 7 330648
30 50 7 510367
1 75 1 88
2 75 2 181
3 75 3 417
4 75 3 549
5 75 4 1040
6 75 3 1756
7 75 3 1631
8 75 5 3924
9 75 4 4563
10 75 6 9277
11 75 5 6340
12 75 3 4181
13 75 5 21608
14 75 5 22124
15 75 5 24155
16 75 5 18841
17 75 6 59168
18 75 5 29842
19 75 6 39691
20 75 5 49403
21 75 6 53181
22 75 6 115829
23 75 5 119552
24 75 9 240390
25 75 9 474666
26 75 9 935453
27 75 7 220299
28 75 8 648852
29 75 7 586938
30 75 8 1680232
1 100 1 76
2 100 2 136
3 100 2 244
4 100 3 372
5 100 3 739
6 100 3 904
7 100 2 925
8 100 4 2589
9 100 5 7203
10 100 5 6815
11 100 6 9741
12 100 5 14310
13 100 5 12396
14 100 6 35416
15 100 6 35997
16 100 5 22452
17 100 5 41407
18 100 6 39292
19 100 5 64266
20 100 4 32587
21 100 5 47528
22 100 7 278486
23 100 8 248724
24 100 7 282324
25 100 8 267185
26 100 8 441338
27 100 9 1353308
28 100 5 233207
29 100 6 533446
30 100 9 1545411
1 1000 1 87
2 1000 1 181
3 1000 2 358
4 1000 2 567
5 1000 3 824
6 1000 3 1306
7 1000 4 1911
8 1000 4 3092
9 1000 3 2706
10 1000 5 8596
11 1000 4 9090
12 1000 6 14142
13 1000 6 22571
14 1000 6 24743
15 1000 5 17940
16 1000 7 65553
17 1000 6 36109
18 1000 6 80414
19 1000 4 28653
20 1000 7 114484
21 1000 7 173761
22 1000 6 86229
23 1000 7 130023
24 1000 7 206030
25 1000 7 216149
26 1000 8 276023
27 1000 7 256946
28 1000 8 529748
29 1000 9 530266
30 1000 6 401220
1 10 0 82
2 10 1 147
3 10 1 247
4 10 1 212
5 10 1 307
6 10 1 188
7 10 2 712
8 10 1 499
9 10 1 269
10 10 1 547
11 10 1 509
12 10 2 1643
13 10 2 1548
14 10 3 2704
15 10 3 1620
16 10 3 7596
17 10 1 1232
18 10 3 2728
19 10 3 5435
20 10 1 3714
21 10 1 2765
22 10 3 12766
23 10 3 8146
24 10 3 6051
25 10 3 4313
26 10 3 7527
27 10 4 11156
28 10 4 12599
29 10 4 13288
30 10 2 4238
1 20 1 76
2 20 2 123
3 20 1 164
4 20 2 398
5 20 2 227
6 20 2 556
7 20 2 516
8 20 3 1327
9 20 3 1203
10 20 2 1075
11 20 3 1542
12 20 1 1667
13 20 2 1544
14 20 4 3681
15 20 2 3206
16 20 3 2844
17 20 3 5388
18 20 3 5061
19 20 5 16089
20 20 2 2835
21 20 7 70018
22 20 3 11398
23 20 4 9631
24 20 3 15822
25 20 6 55915
26 20 7 43737
27 20 6 53142
28 20 4 12070
29 20 3 10945
30 20 6 62027
1 50 1 73
2 50 2 133
3 50 3 258
4 50 2 407
5 50 3 789
6 50 2 814
7 50 3 1116
8 50 3 1344
9 50 3 2980
10 50 4 2924
11 50 4 6022
12 50 4 6044
13 50 5 6381
14 50 8 28606
15 50 4 9170
16 50 5 26136
17 50 5 28426
18 50 5 23553
19 50 5 51649
20 50 5 48182
21 50 6 65869
22 50 5 56895
23 50 8 345618
24 50 6 80752
25 50 9 749865
26 50 5 61876
27 50 6 205714
28 50 7 531406
29 50 8 710987
30 50 10 1673275
1 75 1 60
2 75 2 129
3 75 2 242
4 75 3 430
5 75 2 569
6 75 3 1013
7 75 4 1614
8 75 4 1666
9 75 5 4551
10 75 8 15772
11 75 4 6263
12 75 4 7855
13 75 4 11344
14 75 5 23320
15 75 6 34695
16 75 4 13292
17 75 7 68630
18 75 6 62879
19 75 5 22355
20 75 6 77288
21 75 7 132126
22 75 6 156361
23 75 9 154099
24 75 8 414579
25 75 9 476544
26 75 7 360865
27 75 7 704124
28 75 6 288214
29 75 9 1481027
30 75 7 979849
1 100 1 59
2 100 1 121
3 100 1 191
4 100 2 359
5 100 2 609
6 100 3 1151
7 100 4 1770
8 100 3 1690
9 100 3 2552
10 100 5 7228
11 100 5 7147
12 100 6 12375
13 100 5 16956
14 100 5 22548
15 100 6 39170
16 100 5 23786
17 100 9 106457
18 100 6 88614
19 100 5 49292
20 100 7 98385
21 100 7 237084
22 100 7 94484
23 100 6 156802
24 100 5 109482
25 100 7 172690
26 100 7 338476
27 100 7 1041486
28 100 8 369714
29 100 8 508488
30 100 9 990672
1 1000 1 60
2 1000 1 127
3 1000 2 222
4 1000 3 417
5 1000 3 696
6 1000 4 1594
7 1000 4 2094
8 1000 5 2348
9 1000 4 2679
10 1000 4 3450
11 1000 4 4516
12 1000 5 19087
13 1000 4 9009
14 1000 6 11441
15 1000 7 50752
16 1000 4 16402
17 1000 4 26402
18 1000 6 52063
19 1000 5 29527
20 1000 5 38653
21 1000 6 123459
22 1000 7 365031
23 1000 7 163362
24 1000 6 117467
25 1000 5 184371
26 1000 5 88557
27 1000 6 382415
28 1000 8 955010
29 1000 7 560287
30 1000 12 8103960
1 10 1 71
2 10 1 107
3 10 1 111
4 10 2 289
5 10 0 186
6 10 2 361
7 10 1 265
8 10 2 464
9 10 3 516
10 10 2 605
11 10 1 616
12 10 1 706
13 10 2 1427
14 10 2 1707
15 10 1 986
16 10 2 1073
17 10 2 1365
18 10 2 2833
19 10 3 5455
20 10 2 3004
21 10 4 7178
22 10 4 5474
23 10 4 5905
24 10 4 16030
25 10 2 4270
26 10 5 13038
27 10 3 13316
28 10 2 3316
29 10 3 6550
30 10 3 13169
1 20 0 64
2 20 1 86
3 20 2 220
4 20 2 229
5 20 1 246
6 20 3 691
7 20 2 1104
8 20 2 699
9 20 2 810
10 20 1 731
11 20 2 1450
12 20 4 3665
13 20 3 4913
14 20 3 2964
15 20 3 9612
16 20 3 4923
17 20 5 15679
18 20 3 8863
19 20 5 24452
20 20 2 6991
21 20 4 11540
22 20 3 13506
23 20 5 29579
24 20 4 24112
25 20 5 55572
26 20 4 31764
27 20 7 121640
28 20 6 157934
29 20 8 186604
30 20 5 34708
1 50 1 57
2 50 1 121
3 50 2 223
4 50 2 323
5 50 2 464
6 50 4 1375
7 50 4 1397
8 50 4 1836
9 50 4 3007
10 50 4 4308
11 50 5 7524
12 50 5 16448
13 50 7 38481
14 50 4 11604
15 50 6 41819
16 50 6 24964
17 50 4 18058
18 50 5 26134
19 50 5 62122
20 50 4 47305
21 50 5 53667
22 50 6 218327
23 50 6 122199
24 50 5 80091
25 50 5 46333
26 50 9 689633
27 50 7 537939
28 50 8 768643
29 50 6 369940
30 50 6 226478
1 75 1 89
2 75 1 178
3 75 2 343
4 75 2 564
5 75 2 773
6 75 3 1298
7 75 3 2302
8 75 6 4242
9 75 4 5639
10 75 5 4941
11 75 3 6312
12 75 6 16333
13 75 4 7454
14 75 6 14389
15 75 6 22242
16 75 7 47418
17 75 5 25265
18 75 7 81287
19 75 6 71503
20 75 5 41469
21 75 9 448917
22 75 5 47298
23 75 6 153318
24 75 8 350490
25 75 7 194173
26 75 7 299091
27 75 9 913274
28 75 7 732254
29 75 8 782542
30 75 7 868964
1 100 1 66
2 100 2 180
3 100 2 345
4 100 2 575
5 100 2 1026
6 100 4 2193
7 100 5 3568
8 100 4 2648
9 100 3 2769
10 100 4 4940
11 100 5 7519
12 100 4 11230
13 100 5 15876
14 100 5 9319
15 100 6 36955
16 100 6 24908
17 100 4 22709
18 100 5 44035
19 100 7 115069
20 100 5 65944
21 100 7 94627
22 100 9 563851
23 100 9 781947
24 100 5 75506
25 100 7 119106
26 100 6 136622
27 100 7 750706
28 100 7 828278
29 100 7 543103
30 100 9 1170932
1 1000 1 59
2 1000 2 120
3 1000 3 256
4 1000 3 438
5 1000 4 787
6 1000 4 1292
7 1000 4 1725
8 1000 4 2759
9 1000 5 3521
10 1000 3 4296
11 1000 5 10048
12 1000 4 7041
13 1000 5 12505
14 1000 6 15890
15 1000 7 43630
16 1000 5 21283
17 1000 5 21371
18 1000 7 112670
19 1000 6 47750
20 1000 7 218997
21 1000 5 80717
22 1000 6 177593
23 1000 5 153388
24 1000 7 210302
25 1000 8 575609
26 1000 5 72332
27 1000 7 258785
28 1000 5 161655
29 1000 10 1796507
30 1000 6 525247
1 10 1 75
2 10 2 132
3 10 0 129
4 10 2 310
5 10 1 223
6 10 1 215
7 10 2 373
8 10 2 524
9 10 1 305
10 10 2 667
11 10 3 1113
12 10 2 910
13 10 2 1660
14 10 3 1777
15 10 3 3751
16 10 3 3278
17 10 2 1439
18 10 4 3693
19 10 3 2082
20 10 3 5072
21 10 4 3143
22 10 3 6572
23 10 1 1469
24 10 4 8211
25 10 3 5681
26 10 1 1831
27 10 3 9062
28 10 4 16020
29 10 4 8062
30 10 3 4386
1 20 0 55
2 20 1 117
3 20 2 219
4 20 2 198
5 20 2 402
6 20 3 590
7 20 1 356
8 20 2 720
9 20 4 2445
10 20 2 1784
11 20 3 2406
12 20 5 3913
13 20 4 6542
14 20 5 4740
15 20 4 4908
16 20 3 4548
17 20 7 22583
18 20 3 7842
19 20 3 5226
20 20 4 9961
21 20 3 7966
22 20 5 26368
23 20 2 9503
24 20 5 29923
25 20 4 12353
26 20 5 41282
27 20 4 27508
28 20 4 33568
29 20 5 29685
30 20 4 18687
1 50 1 45
2 50 2 135
3 50 2 241
4 50 3 488
5 50 3 747
6 50 4 1184
7 50 5 2159
8 50 3 1747
9 50 3 2627
10 50 2 2941
11 50 5 6504
12 50 5 10555
13 50 4 6795
14 50 5 21348
15 50 6 22686
16 50 6 27828
17 50 5 23740
18 50 5 62785
19 50 5 48163
20 50 4 28921
21 50 4 50395
22 50 6 120165
23 50 6 83777
24 50 6 134303
25 50 6 152261
26 50 9 381565
27 50 9 1043634
28 50 6 200469
29 50 5 150626
30 50 7 647726
1 75 1 63
2 75 2 125
3 75 2 203
4 75 2 422
5 75 3 721
6 75 4 1195
7 75 4 1788
8 75 6 4655
9 75 4 3517
10 75 4 2934
11 75 3 5083
12 75 4 7957
13 75 6 34756
14 75 5 17829
15 75 5 19355
16 75 7 46337
17 75 7 69014
18 75 6 36558
19 75 6 71274
20 75 5 56533
21 75 6 59455
22 75 6 85259
23 75 5 63419
24 75 6 123195
25 75 9 1260364
26 75 7 495123
27 75 8 392893
28 75 8 366886
29 75 7 353541
30 75 7 622104
1 100 1 57
2 100 2 125
3 100 1 178
4 100 2 321
5 100 3 557
6 100 3 940
7 100 3 1426
8 100 6 3611
9 100 5 4028
10 100 4 3505
11 100 5 9723
12 100 6 13780
13 100 6 37075
14 100 5 15356
15 100 5 26710
16 100 6 46909
17 100 6 70933
18 100 5 45868
19 100 7 95802
20 100 7 101203
21 100 7 133271
22 100 5 71538
23 100 8 341345
24 100 6 74270
25 100 10 987082
26 100 8 414710
27 100 6 223431
28 100 6 170664
29 100 9 1130791
30 100 5 93676
1 1000 1 54
2 1000 2 118
3 1000 2 198
4 1000 3 436
5 1000 4 946
6 1000 3 1104
7 1000 3 1570
8 1000 4 2816
9 1000 4 2870
10 1000 5 5600
11 1000 3 3482
12 1000 5 10851
13 1000 6 24694
14 1000 5 9226
15 1000 6 32672
16 1000 5 24125
17 1000 6 31002
18 1000 6 86690
19 1000 5 41121
20 1000 6 58857
21 1000 5 65350
22 1000 7 86031
23 1000 7 203266
24 1000 6 102279
25 1000 7 246990
26 1000 8 617294
27 1000 5 125763
28 1000 8 345791
29 1000 7 545636
30 1000 6 369596
1 10 0 72
2 10 1 121
3 10 1 116
4 10 1 210
5 10 1 222
6 10 2 474
7 10 2 348
8 10 2 458
9 10 1 444
10 10 3 1345
11 10 2 548
12 10 2 820
13 10 2 802
14 10 1 572
15 10 3 1632
16 10 2 1587
17 10 2 2234
18 10 1 867
19 10 3 1786
20 10 2 2169
21 10 4 5016
22 10 4 3870
23 10 2 2257
24 10 3 6299
25 10 3 5128
26 10 2 4290
27 10 3 6083
28 10 4 11039
29 10 2 2462
30 10 4 9109
1 20 1 68
2 20 0 127
3 20 1 302
4 20 2 297
5 20 2 659
6 20 2 844
7 20 1 536
8 20 3 1807
9 20 3 2113
10 20 3 2701
11 20 4 3908
12 20 4 5789
13 20 2 2746
14 20 2 3576
15 20 4 5291
16 20 2 2866
17 20 4 5899
18 20 3 7425
19 20 5 13609
20 20 5 24283
21 20 5 27755
22 20 4 12826
23 20 3 8357
24 20 7 80247
25 20 5 19358
26 20 3 17979
27 20 4 15964
28 20 4 30887
29 20 7 86891
30 20 4 15250
1 50 1 77
2 50 2 137
3 50 2 408
4 50 3 791
5 50 2 497
6 50 3 676
7 50 3 1827
8 50 3 2149
9 50 3 2241
10 50 4 3633
11 50 4 3651
12 50 5 13927
13 50 5 16059
14 50 5 14085
15 50 5 23886
16 50 6 82476
17 50 6 51829
18 50 6 61959
19 50 6 76439
20 50 5 36042
21 50 6 95918
22 50 6 57282
23 50 6 71158
24 50 6 196307
25 50 7 58346
26 50 7 253271
27 50 6 543307
28 50 7 450146
29 50 7 337486
30 50 7 295549
1 75 1 74
2 75 2 149
3 75 3 272
4 75 3 445
5 75 4 839
6 75 3 1249
7 75 5 2241
8 75 4 3105
9 75 3 3274
10 75 5 5562
11 75 4 5988
12 75 6 9285
13 75 4 9606
14 75 6 18725
15 75 5 22064
16 75 7 32237
17 75 6 87796
18 75 6 57776
19 75 5 42681
20 75 7 227728
21 75 5 65050
22 75 7 68917
23 75 6 137638
24 75 7 465063
25 75 8 242942
26 75 8 645578
27 75 5 126852
28 75 6 554617
29 75 8 674392
30 75 7 383156
1 100 1 65
2 100 2 137
3 100 1 210
4 100 3 522
5 100 3 626
6 100 5 1204
7 100 5 1753
8 100 4 2375
9 100 5 7763
10 100 7 9125
11 100 5 13244
12 100 5 15603
13 100 6 23788
14 100 4 6751
15 100 6 42712
16 100 5 24060
17 100 6 38247
18 100 7 70100
19 100 6 84323
20 100 8 213272
21 100 7 134295
22 100 9 366523
23 100 7 289401
24 100 7 397570
25 100 6 113716
26 100 6 98015
27 100 8 425593
28 100 7 844208
29 100 7 591484
30 100 8 501251
1 1000 1 65
2 1000 2 128
3 1000 1 173
4 1000 2 344
5 1000 2 532
6 1000 4 1177
7 1000 5 2147
8 1000 3 2641
9 1000 4 2132
10 1000 4 3753
11 1000 5 8041
12 1000 4 6027
13 1000 4 7692
14 1000 6 29509
15 1000 6 23162
16 1000 5 18002
17 1000 6 35662
18 1000 6 112141
19 1000 5 38539
20 1000 8 106317
21 1000 8 281142
22 1000 7 176374
23 1000 5 98615
24 1000 7 154139
25 1000 6 57103
26 1000 8 373226
27 1000 7 616561
28 1000 8 563405
29 1000 8 810712
30 1000 10 3343589
1 10 0 74
2 10 0 95
3 10 0 112
4 10 0 139
5 10 2 278
6 10 2 264
7 10 1 386
8 10 0 220
9 10 1 413
10 10 1 397
11 10 2 945
12 10 1 787
13 10 2 1336
14 10 3 1426
15 10 2 2906
16 10 3 3060
17 10 2 2740
18 10 3 2286
19 10 4 3990
20 10 2 2229
21 10 1 1595
22 10 1 1295
23 10 2 2792
24 10 3 3426
25 10 3 4373
26 10 2 3522
27 10 4 17650
28 10 4 8343
29 10 2 5830
30 10 3 10043
1 20 1 89
2 20 1 126
3 20 1 196
4 20 2 487
5 20 1 305
6 20 1 708
7 20 1 713
8 20 1 471
9 20 2 1730
10 20 3 1944
11 20 3 3647
12 20 4 2848
13 20 2 2857
14 20 4 6085
15 20 3 3631
16 20 4 5351
17 20 4 10965
18 20 2 3943
19 20 5 16561
20 20 4 3936
21 20 3 5023
22 20 4 6711
23 20 3 10345
24 20 6 49583
25 20 3 4958
26 20 5 27551
27 20 6 36682
28 20 7 59198
29 20 6 55647
30 20 3 16739
1 50 1 98
2 50 1 186
3 50 3 390
4 50 2 393
5 50 3 805
6 50 2 1183
7 50 4 2410
8 50 4 3232
9 50 6 6109
10 50 4 3590
11 50 5 9207
12 50 6 14502
13 50 4 4731
14 50 7 22817
15 50 5 29932
16 50 5 26329
17 50 3 13340
18 50 5 45887
19 50 4 21271
20 50 6 109120
21 50 5 42566
22 50 5 67787
23 50 6 115310
24 50 8 366615
25 50 6 220542
26 50 8 353352
27 50 8 715323
28 50 8 405750
29 50 10 1104914
30 50 7 749959
1 75 1 100
2 75 2 190
3 75 1 331
4 75 3 647
5 75 2 940
6 75 3 1646
7 75 2 1962
8 75 4 4196
9 75 5 9763
10 75 6 13574
11 75 4 12909
12 75 6 20889
13 75 3 13734
14 75 5 24762
15 75 4 28272
16 75 6 69678
17 75 5 67015
18 75 5 82421
19 75 8 227068
20 75 5 55710
21 75 6 112205
22 75 5 188605
23 75 6 195115
24 75 7 288764
25 75 6 124606
26 75 5 247612
27 75 8 383446
28 75 7 257222
29 75 7 478321
30 75 11 2968054
1 100 1 71
2 100 2 124
3 100 2 200
4 100 3 468
5 100 2 645
6 100 3 1147
7 100 4 2399
8 100 4 3974
9 100 4 3645
10 100 5 6692
11 100 4 5567
12 100 6 7254
13 100 6 29808
14 100 8 38555
15 100 7 70483
16 100 4 21797
17 100 5 23749
18 100 5 43464
19 100 5 53840
20 100 8 104693
21 100 7 113697
22 100 6 69373
23 100 6 82121
24 100 7 141471
25 100 7 262760
26 100 6 491974
27 100 8 551745
28 100 7 871444
29 100 7 436717
30 100 7 665899
1 1000 1 121
2 1000 2 137
3 1000 3 407
4 1000 3 356
5 1000 3 1268
6 1000 2 1253
7 1000 4 2952
8 1000 4 2531
9 1000 4 4359
10 1000 6 7276
11 1000 5 8733
12 1000 3 6794
13 1000 5 7915
14 1000 6 30379
15 1000 7 54854
16 1000 5 25476
17 1000 6 25632
18 1000 5 38699
19 1000 4 28787
20 1000 8 287555
21 1000 7 83267
22 1000 8 297986
23 1000 5 65227
24 1000 6 137224
25 1000 6 258013
26 1000 7 393836
27 1000 9 564877
28 1000 7 223512
29 1000 6 277583
30 1000 7 615167
1 10 0 74
2 10 0 78
3 10 1 168
4 10 1 236
5 10 2 283
6 10 1 161
7 10 3 932
8 10 2 877
9 10 3 1028
10 10 1 561
11 10 2 694
12 10 2 1170
13 10 4 2691
14 10 5 2635
15 10 2 1641
16 10 1 1830
17 10 2 1364
18 10 4 7341
19 10 1 999
20 10 2 3287
21 10 3 2582
22 10 2 1972
23 10 3 2929
24 10 4 3899
25 10 4 7680
26 10 1 2621
27 10 2 3493
28 10 4 7305
29 10 2 5884
30 10 4 5989
1 20 1 68
2 20 1 108
3 20 2 154
4 20 2 316
5 20 1 355
6 20 1 399
7 20 2 786
8 20 2 788
9 20 3 982
10 20 3 1191
11 20 4 2858
12 20 2 1321
13 20 3 3396
14 20 3 1956
15 20 3 4762
16 20 3 3121
17 20 4 12950
18 20 6 21810
19 20 4 10330
20 20 3 6286
21 20 5 9734
22 20 5 16376
23 20 6 66989
24 20 6 50134
25 20 4 14030
26 20 4 18746
27 20 6 41919
28 20 5 27528
29 20 7 103633
30 20 6 161609
1 50 1 57
2 50 2 134
3 50 2 254
4 50 2 381
5 50 2 533
6 50 3 1055
7 50 3 1082
8 50 4 2833
9 50 4 4928
10 50 4 4016
11 50 6 7381
12 50 6 17064
13 50 6 18721
14 50 5 24700
15 50 6 54799
16 50 5 32035
17 50 6 42184
18 50 5 37016
19 50 7 62831
20 50 5 39722
21 50 7 328546
22 50 6 102327
23 50 6 114340
24 50 7 222543
25 50 5 98287
26 50 6 116047
27 50 6 226435
28 50 7 463744
29 50 9 977871
30 50 9 2940629
1 75 1 80
2 75 2 145
3 75 3 195
4 75 3 503
5 75 2 447
6 75 4 1375
7 75 4 1454
8 75 4 2579
9 75 4 2367
10 75 5 5030
11 75 5 13661
12 75 5 11293
13 75 3 5895
14 75 6 26697
15 75 4 12171
16 75 6 58016
17 75 5 56969
18 75 6 43306
19 75 6 86076
20 75 10 561782
21 75 6 119051
22 75 7 164946
23 75 6 110680
24 75 6 215101
25 75 6 126208
26 75 8 714293
27 75 7 809798
28 75 8 503639
29 75 7 481367
30 75 5 192818
1 100 1 89
2 100 2 203
3 100 3 403
4 100 3 728
5 100 3 1138
6 100 3 1541
7 100 4 3016
8 100 4 3118
9 100 4 3077
10 100 3 4495
11 100 5 11493
12 100 5 9971
13 100 5 15428
14 100 8 63391
15 100 5 27709
16 100 5 27329
17 100 6 53436
18 100 5 35835
19 100 5 22789
20 100 7 107272
21 100 6 80394
22 100 6 107528
23 100 7 134941
24 100 7 247963
25 100 9 570568
26 100 5 158066
27 100 8 280739
28 100 6 252896
29 100 6 436457
30 100 5 213719
1 1000 1 73
2 1000 1 150
3 1000 2 347
4 1000 4 536
5 1000 5 1007
6 1000 5 1431
7 1000 4 1708
8 1000 3 2591
9 1000 3 2279
10 1000 3 3022
11 1000 5 7102
12 1000 6 15339
13 1000 4 11424
14 1000 8 59884
15 1000 5 20621
16 1000 5 30121
17 1000 6 60786
18 1000 5 60309
19 1000 5 46413
20 1000 7 116313
21 1000 5 57507
22 1000 5 62470
23 1000 8 434624
24 1000 7 261794
25 1000 5 167059
26 1000 6 245843
27 1000 8 564371
28 1000 6 204808
29 1000 7 720548
30 1000 8 991703