n r res t
1 1 0 265
2 1 0 128
3 1 0 212
4 1 0 373
5 1 0 727
6 1 0 1296
7 1 0 2465
8 1 0 4797
9 1 1 9708
10 1 0 18901
11 1 0 37431
12 1 0 75777
13 1 0 150565
14 1 0 304431
15 1 1 635557
16 1 1 1213229
17 1 1 2481509
18 1 0 5633627
19 1 1 9931605
20 1 0 23429627
21 1 1 40897240
22 1 1 79298113
23 1 0 159738326
24 1 1 322030028
25 1 0 641647883
26 1 1 1318264365
27 1 1 2649383042
28 1 1 5209681222
29 1 1 10235540173
30 1 1 20390393223
1 10 1 112
2 10 1 160
3 10 0 270
4 10 1 487
5 10 1 984
6 10 1 2144
7 10 2 2576
8 10 2 5754
9 10 3 9996
10 10 2 23270
11 10 1 37672
12 10 3 76225
13 10 3 151345
14 10 2 301575
15 10 2 599445
16 10 2 1198420
17 10 4 2420337
18 10 4 4814088
19 10 3 9631673
20 10 1 20036629
21 10 2 40676766
22 10 2 78613256
23 10 4 158484226
24 10 4 317554010
25 10 4 634183179
26 10 2 1303051149
27 10 2 2572663072
28 10 4 5130278920
29 10 3 10263389844
30 10 4 20555924460
1 20 1 91
2 20 2 121
3 20 1 273
4 20 2 480
5 20 2 801
6 20 1 1518
7 20 1 3864
8 20 2 7258
9 20 4 10240
10 20 3 21659
11 20 3 38342
12 20 2 76785
13 20 4 153128
14 20 3 302029
15 20 1 609919
16 20 2 1240292
17 20 4 2462036
18 20 3 4876438
19 20 6 9726508
20 20 4 19647168
21 20 3 40680237
22 20 3 81838501
23 20 4 160990480
24 20 2 315209756
25 20 4 640840001
26 20 7 1286283322
27 20 6 2574870413
28 20 5 5113276306
29 20 4 10202934876
30 20 5 20838490332
1 50 1 120
2 50 1 190
3 50 2 274
4 50 2 589
5 50 3 954
6 50 2 1692
7 50 3 2790
8 50 4 5563
9 50 4 10562
10 50 3 20019
11 50 5 39268
12 50 5 78551
13 50 6 153196
14 50 4 304021
15 50 3 602907
16 50 6 1208014
17 50 7 2411773
18 50 5 4834614
19 50 7 9689472
20 50 6 19364443
21 50 6 39158165
22 50 6 78593345
23 50 9 158857232
24 50 5 318312798
25 50 7 650347998
26 50 7 1269835817
27 50 8 2540087408
28 50 6 5086067970
29 50 8 10165356774
30 50 7 20599166141
1 75 1 95
2 75 2 149
3 75 2 290
4 75 3 557
5 75 3 1060
6 75 3 1584
7 75 4 4184
8 75 6 9261
9 75 4 17198
10 75 3 34285
11 75 5 70201
12 75 7 133632
13 75 3 220380
14 75 6 307644
15 75 4 603661
16 75 6 1206795
17 75 6 2505462
18 75 5 5032880
19 75 7 9654187
20 75 5 19425461
21 75 8 39718412
22 75 7 77740570
23 75 8 157081661
24 75 5 312095747
25 75 7 632549730
26 75 7 1310785728
27 75 8 2540496698
28 75 8 5061507760
29 75 7 10273584661
30 75 7 20607189351
1 100 1 152
2 100 2 211
3 100 2 448
4 100 3 753
5 100 3 1366
6 100 4 2527
7 100 3 4722
8 100 4 8423
9 100 5 15729
10 100 3 20374
11 100 5 39593
12 100 5 79507
13 100 4 153390
14 100 6 316495
15 100 5 604060
16 100 6 1208714
17 100 5 2591146
18 100 7 4876205
19 100 6 9856893
20 100 6 20339387
21 100 6 40055377
22 100 6 78119922
23 100 6 156612039
24 100 10 316235227
25 100 7 646200412
26 100 6 1276674457
27 100 7 2550670220
28 100 7 5108216714
29 100 9 10150211616
30 100 6 20501892410
1 1 1 117
2 1 0 131
3 1 0 215
4 1 0 351
5 1 0 624
6 1 0 1266
7 1 1 2563
8 1 0 5742
9 1 0 10493
10 1 0 19651
11 1 0 37383
12 1 1 76531
13 1 1 150941
14 1 0 300816
15 1 0 599453
16 1 0 1200495
17 1 1 2398276
18 1 0 4918335
19 1 1 9781821
20 1 1 19554921
21 1 0 39605051
22 1 1 78507713
23 1 1 157126726
24 1 1 314726588
25 1 0 662327672
26 1 0 1290507994
27 1 0 2594714935
28 1 1 5106160625
29 1 1 10395720181
30 1 1 20417989050
1 10 0 147
2 10 0 199
3 10 1 355
4 10 1 693
5 10 1 833
6 10 1 2130
7 10 1 2652
8 10 2 5179
9 10 2 9774
10 10 2 19115
11 10 1 42639
12 10 2 76611
13 10 3 151248
14 10 3 303270
15 10 2 602930
16 10 4 1346121
17 10 3 2463928
18 10 2 4811645
19 10 3 9633600
20 10 3 19769654
21 10 2 39211284
22 10 2 79007841
23 10 4 159221789
24 10 2 317976259
25 10 3 632431578
26 10 4 1266503607
27 10 3 2577008714
28 10 3 5095507995
29 10 2 10160350578
30 10 3 20403372248
1 20 0 93
2 20 1 159
3 20 2 303
4 20 2 466
5 20 2 794
6 20 2 1544
7 20 3 2916
8 20 4 5117
9 20 3 9953
10 20 2 19593
11 20 2 37859
12 20 4 76797
13 20 3 152617
14 20 4 301130
15 20 3 599468
16 20 3 1201536
17 20 3 2398539
18 20 2 4818284
19 20 4 9767249
20 20 4 19221524
21 20 5 39569964
22 20 4 80123051
23 20 3 162621070
24 20 6 317164466
25 20 4 629044008
26 20 3 1266155249
27 20 7 2548684060
28 20 5 5036711611
29 20 5 10471526520
30 20 7 20694998371
1 50 1 115
2 50 2 183
3 50 1 326
4 50 2 480
5 50 3 917
6 50 3 1630
7 50 3 2902
8 50 4 5520
9 50 5 10315
10 50 4 20100
11 50 3 38502
12 50 5 79467
13 50 5 153730
14 50 4 304372
15 50 4 611225
16 50 5 1209109
17 50 6 2406848
18 50 6 4981239
19 50 6 11353507
20 50 6 19307154
21 50 8 39868043
22 50 7 78882840
23 50 8 164370236
24 50 4 321551467
25 50 7 641787548
26 50 7 1278571924
27 50 8 2532195971
28 50 7 5098489667
29 50 7 10274172783
30 50 8 20474111243
1 75 1 122
2 75 2 152
3 75 2 265
4 75 2 495
5 75 2 1077
6 75 4 2498
7 75 4 3163
8 75 4 5758
9 75 5 11411
10 75 4 20743
11 75 5 39856
12 75 4 92956
13 75 3 154586
14 75 4 312521
15 75 5 637696
16 75 6 1213673
17 75 6 2424387
18 75 7 4860491
19 75 5 9951207
20 75 5 20054151
21 75 5 40128927
22 75 5 78955145
23 75 6 157126281
24 75 9 318580064
25 75 7 637497946
26 75 8 1303785616
27 75 6 2636900019
28 75 7 5227369897
29 75 9 10205231327
30 75 8 20393706526
1 100 1 102
2 100 2 152
3 100 2 248
4 100 3 610
5 100 2 924
6 100 4 1577
7 100 2 2953
8 100 4 5610
9 100 5 10846
10 100 5 20456
11 100 4 39735
12 100 4 78965
13 100 6 157382
14 100 6 307303
15 100 5 1019888
16 100 6 1270320
17 100 6 2446511
18 100 7 4848141
19 100 5 9657910
20 100 8 20709621
21 100 7 40394211
22 100 9 80385424
23 100 7 162121069
24 100 7 327457436
25 100 6 638786513
26 100 8 1281606359
27 100 5 2547288463
28 100 6 5117625228
29 100 6 10213600085
30 100 7 20511649361
1 1 0 113
2 1 0 128
3 1 0 219
4 1 1 437
5 1 0 692
6 1 1 1883
7 1 0 3602
8 1 0 7106
9 1 1 13141
10 1 1 19051
11 1 0 37465
12 1 0 81840
13 1 0 150526
14 1 1 300573
15 1 1 598668
16 1 0 1197369
17 1 1 2400519
18 1 0 4804268
19 1 0 10412785
20 1 1 19425709
21 1 0 40113097
22 1 0 78833909
23 1 1 156289734
24 1 1 326793738
25 1 0 653340795
26 1 1 1276567033
27 1 0 2580284002
28 1 0 5075602424
29 1 1 10212400383
30 1 1 20443525612
1 10 1 93
2 10 1 131
3 10 2 266
4 10 2 493
5 10 1 779
6 10 1 1390
7 10 2 3679
8 10 2 6789
9 10 1 12805
10 10 1 19456
11 10 2 39096
12 10 1 83642
13 10 2 155485
14 10 3 305735
15 10 2 603423
16 10 3 1202379
17 10 2 2402849
18 10 2 4819141
19 10 2 10460275
20 10 2 21329471
21 10 2 41864315
22 10 3 86562473
23 10 1 169775688
24 10 5 337956058
25 10 4 640231307
26 10 4 1289260450
27 10 3 2551509672
28 10 4 5119329473
29 10 2 10311611981
30 10 2 20439454691
1 20 1 141
2 20 0 176
3 20 2 330
4 20 1 699
5 20 1 1245
6 20 2 2480
7 20 2 4357
8 20 2 8668
9 20 3 16648
10 20 2 19267
11 20 4 38130
12 20 3 76940
13 20 3 151664
14 20 2 301821
15 20 3 604851
16 20 3 1351009
17 20 3 2449149
18 20 4 4809474
19 20 4 9642192
20 20 2 20326856
21 20 5 40033104
22 20 4 79337958
23 20 5 165354132
24 20 4 321840869
25 20 5 636689428
26 20 5 1297278302
27 20 4 2560850283
28 20 5 5128492159
29 20 4 10237395944
30 20 3 20480653100
1 50 1 109
2 50 2 127
3 50 1 312
4 50 3 585
5 50 3 1079
6 50 5 1635
7 50 4 3946
8 50 2 5643
9 50 4 10452
10 50 4 44626
11 50 5 40421
12 50 3 78978
13 50 6 155185
14 50 3 303186
15 50 7 630878
16 50 5 1231750
17 50 7 2418940
18 50 6 5022984
19 50 6 9657414
20 50 7 19316566
21 50 7 39430323
22 50 7 78107776
23 50 5 162554846
24 50 6 334098922
25 50 5 638931428
26 50 7 1291611508
27 50 7 2560353278
28 50 5 5122618787
29 50 7 10225734264
30 50 5 20568460591
1 75 1 111
2 75 2 149
3 75 2 269
4 75 2 555
5 75 2 843
6 75 5 2509
7 75 2 3410
8 75 4 5636
9 75 3 16533
10 75 4 19946
11 75 4 39986
12 75 6 78690
13 75 3 152936
14 75 5 305498
15 75 5 602707
16 75 6 1206641
17 75 6 2542767
18 75 8 4914124
19 75 6 10062911
20 75 6 20467290
21 75 6 40649774
22 75 6 80094765
23 75 8 161511060
24 75 6 319005170
25 75 6 639052053
26 75 8 1287675830
27 75 7 2548600191
28 75 7 5086356896
29 75 8 10151439717
30 75 11 20531066514
1 100 1 115
2 100 1 175
3 100 2 238
4 100 2 509
5 100 4 1023
6 100 3 1802
7 100 5 3172
8 100 4 5543
9 100 4 10599
10 100 5 20273
11 100 6 39904
12 100 4 77792
13 100 4 155157
14 100 4 303828
15 100 4 607953
16 100 6 1223577
17 100 6 2469618
18 100 6 4853655
19 100 8 10314256
20 100 6 19609709
21 100 8 40176442
22 100 6 80335345
23 100 7 164343750
24 100 6 321642323
25 100 7 641243625
26 100 5 1296324071
27 100 5 2592641844
28 100 8 5195802048
29 100 7 10317814573
30 100 7 20628892050
1 1 0 75
2 1 0 103
3 1 0 193
4 1 0 334
5 1 0 628
6 1 0 1255
7 1 0 2384
8 1 1 5016
9 1 0 9417
10 1 0 18733
11 1 0 37460
12 1 0 75859
13 1 0 150524
14 1 0 300108
15 1 0 598512
16 1 1 1202887
17 1 0 2401208
18 1 0 4805264
19 1 0 9955091
20 1 1 20426308
21 1 1 38997889
22 1 0 79518377
23 1 0 160194815
24 1 1 319563075
25 1 0 652528223
26 1 0 1307772580
27 1 0 2643899953
28 1 0 5294685908
29 1 0 10799109187
30 1 1 21015566219
1 10 0 100
2 10 1 160
3 10 1 308
4 10 1 528
5 10 0 961
6 10 2 1512
7 10 4 3995
8 10 2 4987
9 10 1 9705
10 10 2 18968
11 10 2 37773
12 10 2 76116
13 10 1 150981
14 10 1 300585
15 10 3 609081
16 10 4 1203455
17 10 3 2397286
18 10 3 5264554
19 10 3 9665675
20 10 2 20292055
21 10 2 40158031
22 10 1 80955876
23 10 2 161705512
24 10 2 326040736
25 10 4 649079584
26 10 4 1307673761
27 10 2 2611880838
28 10 5 5210402084
29 10 2 10401186642
30 10 3 21110546936
1 20 1 110
2 20 1 135
3 20 2 257
4 20 2 438
5 20 1 777
6 20 4 1967
7 20 3 3507
8 20 3 7597
9 20 3 9734
10 20 4 19500
11 20 2 38110
12 20 2 76532
13 20 2 151059
14 20 3 311287
15 20 3 636543
16 20 4 1215896
17 20 5 2573348
18 20 3 6073344
19 20 3 10700957
20 20 5 20263092
21 20 2 41980470
22 20 5 81841256
23 20 3 170609444
24 20 4 334214953
25 20 6 674012879
26 20 4 1427309059
27 20 5 2787742043
28 20 5 5507979627
29 20 5 10919167422
30 20 6 22373590793
1 50 1 95
2 50 2 126
3 50 3 273
4 50 3 517
5 50 4 941
6 50 2 1701
7 50 3 2902
8 50 5 5593
9 50 4 10670
10 50 6 20617
11 50 5 39362
12 50 3 77116
13 50 5 155510
14 50 5 312127
15 50 5 613349
16 50 4 1569139
17 50 5 3110277
18 50 5 4912145
19 50 6 10628788
20 50 5 21162834
21 50 6 40868202
22 50 6 87776639
23 50 5 167450959
24 50 9 362281843
25 50 8 685628992
26 50 8 1353017487
27 50 6 2759594720
28 50 8 5605957045
29 50 7 11204216588
30 50 8 21918958285
1 75 1 113
2 75 2 144
3 75 2 298
4 75 3 599
5 75 3 955
6 75 3 1695
7 75 2 2851
8 75 4 5537
9 75 5 10972
10 75 5 20223
11 75 6 39489
12 75 5 78885
13 75 5 153973
14 75 6 309624
15 75 6 618614
16 75 5 1206440
17 75 5 2649812
18 75 6 4933219
19 75 5 10114693
20 75 4 20516144
21 75 5 40308134
22 75 7 86232339
23 75 8 166692873
24 75 7 334595956
25 75 8 670813869
26 75 8 1335532337
27 75 9 2740222685
28 75 5 5382215685
29 75 6 10781821905
30 75 9 21482715686
1 100 1 89
2 100 1 146
3 100 2 286
4 100 2 593
5 100 3 843
6 100 3 1746
7 100 4 3707
8 100 4 5933
9 100 3 11234
10 100 5 20959
11 100 4 40419
12 100 6 80278
13 100 6 156386
14 100 6 307521
15 100 5 603293
16 100 7 1210175
17 100 6 2463192
18 100 6 6221697
19 100 4 10627301
20 100 7 20073417
21 100 7 39587841
22 100 6 79262225
23 100 7 158028952
24 100 7 339162509
25 100 7 664708355
26 100 8 1304227094
27 100 7 2619570760
28 100 8 5264842597
29 100 9 10482199520
30 100 6 21280090489
1 1 0 86
2 1 0 117
3 1 0 197
4 1 0 363
5 1 0 656
6 1 0 1238
7 1 0 2408
8 1 0 4757
9 1 0 9432
10 1 0 18727
11 1 0 37419
12 1 1 76050
13 1 1 150832
14 1 1 300539
15 1 1 604491
16 1 1 1197610
17 1 1 2395404
18 1 1 4829325
19 1 0 10313765
20 1 0 20551907
21 1 0 41446594
22 1 1 80621947
23 1 0 162955574
24 1 0 355605951
25 1 0 678381252
26 1 1 1342024914
27 1 1 2615912249
28 1 1 5314266714
29 1 1 10463916650
30 1 0 20986062836
1 10 1 174
2 10 2 186
3 10 1 467
4 10 2 760
5 10 2 1288
6 10 1 2300
7 10 1 4572
8 10 2 8771
9 10 2 16916
10 10 1 33477
11 10 2 66532
12 10 1 124419
13 10 2 254265
14 10 3 512043
15 10 1 1027383
16 10 2 2050405
17 10 2 4124554
18 10 2 7972695
19 10 4 10619506
20 10 1 19975916
21 10 5 40858431
22 10 2 83158752
23 10 2 169161272
24 10 2 322617136
25 10 4 653849789
26 10 6 1298085535
27 10 4 2615071142
28 10 3 5476228951
29 10 2 10585167325
30 10 4 21440858634
1 20 0 178
2 20 1 176
3 20 2 371
4 20 1 684
5 20 2 1233
6 20 2 1871
7 20 2 4126
8 20 2 7797
9 20 1 15216
10 20 2 23202
11 20 3 38280
12 20 3 82460
13 20 4 151784
14 20 5 313063
15 20 2 849012
16 20 4 1567357
17 20 3 3711182
18 20 3 5944610
19 20 5 14200329
20 20 3 24538292
21 20 4 50575412
22 20 3 96422792
23 20 7 168330707
24 20 3 340984868
25 20 7 671206639
26 20 4 1341602739
27 20 4 2691301552
28 20 5 5278885058
29 20 5 10621922348
30 20 7 21282329744
1 50 1 102
2 50 1 155
3 50 2 295
4 50 3 423
5 50 2 973
6 50 2 1656
7 50 3 2827
8 50 4 5476
9 50 4 11012
10 50 7 21101
11 50 4 39570
12 50 3 78089
13 50 4 161972
14 50 5 307783
15 50 5 609265
16 50 4 1263462
17 50 6 4000492
18 50 6 4886404
19 50 5 9751106
20 50 6 19687915
21 50 7 41749238
22 50 6 82505836
23 50 9 169480412
24 50 7 322979852
25 50 9 652850551
26 50 7 1302051960
27 50 7 2616295000
28 50 6 5199982965
29 50 9 10497459341
30 50 7 21313664291
1 75 1 109
2 75 1 177
3 75 1 302
4 75 2 561
5 75 2 887
6 75 3 1498
7 75 4 2865
8 75 3 5392
9 75 3 10634
10 75 5 20610
11 75 5 39768
12 75 6 79820
13 75 5 155969
14 75 5 315877
15 75 6 609865
16 75 5 1205678
17 75 9 2507013
18 75 6 4841481
19 75 5 10277667
20 75 7 19385477
21 75 7 39518172
22 75 7 79439489
23 75 6 157439809
24 75 5 330534702
25 75 7 652025131
26 75 7 1374588169
27 75 7 2731710583
28 75 8 5366807896
29 75 8 10561187375
30 75 9 21469238969
1 100 1 129
2 100 1 217
3 100 2 450
4 100 3 893
5 100 3 1409
6 100 4 2293
7 100 4 2797
8 100 5 5625
9 100 4 12298
10 100 4 19860
11 100 4 39815
12 100 5 79804
13 100 4 166692
14 100 6 433314
15 100 7 894404
16 100 4 1692766
17 100 4 2449480
18 100 6 4906065
19 100 5 10040187
20 100 5 21690536
21 100 6 42492159
22 100 7 90411568
23 100 7 167344923
24 100 6 355402025
25 100 5 666607901
26 100 5 1327303480
27 100 6 2595511183
28 100 8 5191572311
29 100 7 10464471264
30 100 12 21079908877
1 1 1 91
2 1 0 151
3 1 0 214
4 1 0 372
5 1 0 952
6 1 1 2154
7 1 0 3149
8 1 1 7050
9 1 0 9420
10 1 0 23743
11 1 0 41410
12 1 1 76740
13 1 1 150891
14 1 1 417105
15 1 0 626196
16 1 1 1328362
17 1 1 2856555
18 1 0 4961046
19 1 0 9600142
20 1 0 20655177
21 1 1 39750391
22 1 1 80713331
23 1 1 168795599
24 1 1 324234460
25 1 0 659704617
26 1 1 1291750777
27 1 0 2584390893
28 1 0 5187411326
29 1 0 10585646011
30 1 1 21110900453
1 10 0 83
2 10 0 136
3 10 2 223
4 10 1 446
5 10 1 726
6 10 2 1412
7 10 1 2551
8 10 1 4908
9 10 2 9728
10 10 1 18894
11 10 1 37516
12 10 3 76543
13 10 2 160127
14 10 2 300641
15 10 2 641828
16 10 2 1214274
17 10 3 2407300
18 10 2 4802231
19 10 3 9772105
20 10 1 20297681
21 10 3 40378828
22 10 2 79482021
23 10 3 158175108
24 10 3 322313586
25 10 4 634953372
26 10 2 1288947209
27 10 6 2623156690
28 10 4 5248144913
29 10 7 10427565681
30 10 3 20893082433
1 20 0 94
2 20 1 143
3 20 1 226
4 20 1 432
5 20 2 889
6 20 2 1382
7 20 1 2691
8 20 2 5036
9 20 3 9834
10 20 3 19313
11 20 4 37986
12 20 3 76776
13 20 5 152830
14 20 2 301140
15 20 5 600305
16 20 4 1202029
17 20 3 2417754
18 20 3 6636476
19 20 3 9627686
20 20 2 20161667
21 20 3 39642883
22 20 4 81469773
23 20 4 157506187
24 20 3 316779659
25 20 3 644046955
26 20 6 1299362605
27 20 5 2572590596
28 20 7 5222085582
29 20 5 10444527249
30 20 5 21253548368
1 50 1 104
2 50 1 162
3 50 2 321
4 50 2 528
5 50 2 1082
6 50 3 2060
7 50 3 3621
8 50 5 8280
9 50 3 16431
10 50 4 19976
11 50 3 39807
12 50 6 80286
13 50 4 153408
14 50 5 304121
15 50 6 619718
16 50 7 1224660
17 50 5 2410521
18 50 6 4827444
19 50 6 10625307
20 50 5 22272287
21 50 9 42739678
22 50 5 87413443
23 50 6 174223981
24 50 7 326044857
25 50 7 652401708
26 50 7 1358041819
27 50 9 2623972728
28 50 7 5288131355
29 50 7 10533812070
30 50 7 20841306569
1 75 1 107
2 75 2 149
3 75 2 314
4 75 2 550
5 75 2 967
6 75 4 1667
7 75 5 2882
8 75 4 5369
9 75 3 10516
10 75 4 20528
11 75 5 39596
12 75 4 79340
13 75 5 155541
14 75 5 480750
15 75 6 875874
16 75 6 1220064
17 75 4 2483128
18 75 5 5071364
19 75 7 9732223
20 75 5 19388886
21 75 7 39732119
22 75 9 79388695
23 75 9 172294108
24 75 5 323933153
25 75 7 644049383
26 75 6 1290037228
27 75 7 2563667550
28 75 7 5161166232
29 75 7 10522261739
30 75 9 21241025443
1 100 1 123
2 100 2 178
3 100 3 315
4 100 3 522
5 100 4 984
6 100 4 1758
7 100 4 3159
8 100 4 5682
9 100 5 10920
10 100 3 20198
11 100 5 40546
12 100 4 78247
13 100 5 154752
14 100 6 305392
15 100 7 630197
16 100 5 1669685
17 100 5 2615923
18 100 7 5183180
19 100 6 12240905
20 100 7 20384783
21 100 5 54158285
22 100 6 97843911
23 100 5 170759687
24 100 7 333374521
25 100 8 666198203
26 100 5 1374698149
27 100 7 2733173593
28 100 5 5505616923
29 100 10 10832356111
30 100 6 21266232212
1 1 0 115
2 1 0 238
3 1 0 260
4 1 0 461
5 1 0 822
6 1 1 1787
7 1 1 3260
8 1 1 6331
9 1 0 12678
10 1 0 26464
11 1 0 52578
12 1 0 108459
13 1 1 293179
14 1 1 316757
15 1 1 600217
16 1 1 1203913
17 1 0 2438923
18 1 1 4797757
19 1 1 9692470
20 1 0 27519568
21 1 1 41294773
22 1 0 87988339
23 1 0 167510880
24 1 0 322535714
25 1 1 684873094
26 1 0 1326550195
27 1 1 2634298690
28 1 1 5303176001
29 1 1 10589358829
30 1 0 21958012703
1 10 0 131
2 10 1 188
3 10 1 384
4 10 1 683
5 10 1 1071
6 10 2 1920
7 10 0 5347
8 10 1 10114
9 10 3 19658
10 10 1 38516
11 10 2 46168
12 10 4 76822
13 10 3 151937
14 10 3 301685
15 10 3 646428
16 10 1 1378108
17 10 5 2437594
18 10 3 6646260
19 10 2 10312236
20 10 2 20939109
21 10 2 42624672
22 10 3 83167607
23 10 1 168498304
24 10 3 359418515
25 10 2 685586688
26 10 4 1354834985
27 10 2 2784240391
28 10 3 5590783204
29 10 3 12457807347
30 10 3 23723075975
1 20 0 107
2 20 1 154
3 20 1 268
4 20 2 479
5 20 3 770
6 20 3 1408
7 20 3 3428
8 20 3 5758
9 20 1 10043
10 20 1 19051
11 20 3 39550
12 20 3 77114
13 20 3 151439
14 20 3 303287
15 20 4 607232
16 20 4 1211332
17 20 3 3172697
18 20 3 5772128
19 20 3 10808890
20 20 3 23923385
21 20 2 44170635
22 20 4 89389580
23 20 6 193111176
24 20 4 354946638
25 20 3 728039347
26 20 8 1507517095
27 20 5 2980127317
28 20 3 5883008349
29 20 3 11660708324
30 20 5 23689430986
1 50 1 93
2 50 1 151
3 50 2 303
4 50 2 668
5 50 3 1178
6 50 4 1933
7 50 4 4550
8 50 6 8791
9 50 4 17740
10 50 4 32992
11 50 3 57402
12 50 4 123867
13 50 5 260761
14 50 4 489101
15 50 5 985030
16 50 7 1317727
17 50 7 3008267
18 50 6 5715723
19 50 6 10257047
20 50 5 23057158
21 50 6 48248364
22 50 6 90266303
23 50 5 183696478
24 50 5 359743128
25 50 8 735106134
26 50 7 1478866911
27 50 8 2925003097
28 50 7 5893414776
29 50 7 11755371702
30 50 7 23610549528
1 75 1 109
2 75 2 146
3 75 1 334
4 75 2 507
5 75 3 887
6 75 3 1643
7 75 3 2913
8 75 6 5995
9 75 5 10736
10 75 4 20012
11 75 5 39899
12 75 6 98962
13 75 6 170038
14 75 5 413396
15 75 5 652759
16 75 6 1209351
17 75 6 2514546
18 75 5 4905197
19 75 7 11256162
20 75 7 21013594
21 75 7 48909922
22 75 5 86137075
23 75 8 188235145
24 75 6 350208215
25 75 10 747740305
26 75 8 1508694215
27 75 6 2859303850
28 75 6 5814523887
29 75 9 11547023883
30 75 5 22680901840
1 100 1 105
2 100 2 161
3 100 2 337
4 100 3 534
5 100 4 1028
6 100 3 3103
7 100 3 4802
8 100 4 9432
9 100 4 11385
10 100 5 22032
11 100 3 42651
12 100 5 84278
13 100 6 163791
14 100 5 307592
15 100 6 613032
16 100 5 1238226
17 100 6 2586933
18 100 6 4857347
19 100 5 9913225
20 100 6 19691522
21 100 5 39441111
22 100 7 81301725
23 100 7 171209921
24 100 6 336365747
25 100 7 652777138
26 100 8 1383506180
27 100 5 2900111792
28 100 8 5146130949
29 100 7 10351896088
30 100 6 21860448445
1 1 0 104
2 1 1 115
3 1 0 222
4 1 0 352
5 1 0 653
6 1 1 1389
7 1 0 3232
8 1 0 4814
9 1 0 10314
10 1 1 19791
11 1 0 37474
12 1 0 75783
13 1 0 150610
14 1 0 307729
15 1 1 610938
16 1 0 2181292
17 1 0 2708519
18 1 0 5776917
19 1 1 10230641
20 1 0 24480477
21 1 1 45845033
22 1 1 82168720
23 1 0 164195828
24 1 0 364215281
25 1 0 673360130
26 1 0 1371625191
27 1 1 2779205440
28 1 1 5551688333
29 1 0 11052535200
30 1 1 21726905918
1 10 1 100
2 10 0 139
3 10 0 187
4 10 1 466
5 10 1 1089
6 10 1 1419
7 10 0 3041
8 10 2 5001
9 10 3 10239
10 10 2 19653
11 10 2 37938
12 10 2 82246
13 10 1 151182
14 10 1 301235
15 10 2 609297
16 10 1 1212155
17 10 2 2412887
18 10 2 5547711
19 10 4 10396940
20 10 3 21212427
21 10 3 40923381
22 10 2 86831670
23 10 2 176291061
24 10 5 334241323
25 10 3 682217276
26 10 2 1369564591
27 10 3 2740513538
28 10 3 5399118465
29 10 6 10817273519
30 10 3 21869622265
1 20 1 143
2 20 1 223
3 20 1 396
4 20 2 813
5 20 1 721
6 20 2 1662
7 20 1 3215
8 20 2 5686
9 20 2 9987
10 20 3 19675
11 20 2 38448
12 20 3 77449
13 20 4 153930
14 20 3 303625
15 20 3 611399
16 20 4 1210283
17 20 5 2427746
18 20 5 4930520
19 20 4 12430484
20 20 3 20383717
21 20 5 42361220
22 20 5 84461603
23 20 4 169306330
24 20 4 339350629
25 20 6 670479917
26 20 5 1354358224
27 20 3 2719978383
28 20 5 5421334257
29 20 6 10853863323
30 20 5 21899347866
1 50 1 130
2 50 2 151
3 50 3 338
4 50 3 594
5 50 4 1167
6 50 3 2303
7 50 5 2864
8 50 4 5662
9 50 3 10737
10 50 5 21479
11 50 4 55602
12 50 5 79155
13 50 4 158181
14 50 5 468199
15 50 4 624068
16 50 6 1365765
17 50 6 2574044
18 50 5 4897493
19 50 4 10161819
20 50 6 21270243
21 50 5 41824743
22 50 7 84364529
23 50 6 169319323
24 50 7 342861087
25 50 7 676059917
26 50 8 1355076514
27 50 5 2741495883
28 50 6 5469876180
29 50 8 10909945523
30 50 6 21926275880
1 75 1 125
2 75 2 178
3 75 1 407
4 75 3 694
5 75 3 1281
6 75 5 2249
7 75 5 4210
8 75 4 8041
9 75 5 15704
10 75 7 31295
11 75 5 66011
12 75 5 126029
13 75 6 245848
14 75 4 469756
15 75 6 967278
16 75 5 1703902
17 75 6 2419761
18 75 7 4864415
19 75 6 9954083
20 75 8 22915746
21 75 7 41638426
22 75 9 86670401
23 75 7 172557040
24 75 7 345190867
25 75 6 676591411
26 75 6 1382411829
27 75 8 2727690414
28 75 7 5447201996
29 75 7 10988951063
30 75 8 22049982574
1 100 1 135
2 100 2 205
3 100 1 310
4 100 2 747
5 100 2 1229
6 100 4 2336
7 100 5 3507
8 100 3 6256
9 100 4 10632
10 100 4 25358
11 100 5 39790
12 100 4 77660
13 100 4 153383
14 100 6 320272
15 100 6 612378
16 100 5 1204265
17 100 6 3252130
18 100 6 5218868
19 100 5 10224864
20 100 8 22495942
21 100 8 41538159
22 100 7 82560436
23 100 5 177547115
24 100 7 338134462
25 100 6 683428356
26 100 8 1386263091
27 100 7 2749224236
28 100 8 5478001822
29 100 8 10919517234
30 100 10 21981358140
1 1 0 135
2 1 0 205
3 1 0 297
4 1 0 615
5 1 0 1102
6 1 1 1429
7 1 0 2454
8 1 0 5526
9 1 0 9752
10 1 0 19253
11 1 1 38118
12 1 0 76416
13 1 0 151981
14 1 0 300785
15 1 0 631013
16 1 0 1207622
17 1 0 3080905
18 1 1 5221573
19 1 1 10796812
20 1 0 20210759
21 1 0 43215792
22 1 0 83406763
23 1 0 167526035
24 1 0 344323006
25 1 0 685611633
26 1 1 1369662402
27 1 0 2733065055
28 1 1 5537133808
29 1 0 11163726965
30 1 0 22427941131
1 10 1 96
2 10 0 157
3 10 1 298
4 10 1 603
5 10 1 979
6 10 1 2004
7 10 0 2435
8 10 0 5576
9 10 1 12810
10 10 2 26363
11 10 2 37928
12 10 3 76243
13 10 1 151669
14 10 3 301396
15 10 2 853015
16 10 3 2034629
17 10 2 3349758
18 10 1 4807884
19 10 4 9996713
20 10 2 22813437
21 10 2 40961878
22 10 2 87479296
23 10 2 178311741
24 10 5 342578118
25 10 1 690835142
26 10 4 1388664192
27 10 4 2829110348
28 10 5 5531079973
29 10 4 11062137768
30 10 2 21820325478
1 20 1 115
2 20 1 191
3 20 2 294
4 20 1 489
5 20 2 792
6 20 1 1427
7 20 3 2625
8 20 3 4952
9 20 4 10216
10 20 2 19271
11 20 4 38239
12 20 3 77002
13 20 3 150889
14 20 5 303079
15 20 4 630843
16 20 3 1407016
17 20 3 2426950
18 20 3 5034651
19 20 2 11361898
20 20 4 20314352
21 20 3 42363171
22 20 3 90005763
23 20 5 181226042
24 20 6 341256359
25 20 4 676526508
26 20 5 1366090684
27 20 6 2725557057
28 20 4 5465405801
29 20 7 11012227240
30 20 5 21854279148
1 50 1 124
2 50 2 182
3 50 1 321
4 50 3 623
5 50 2 982
6 50 3 1766
7 50 2 2905
8 50 4 5625
9 50 4 10616
10 50 6 20620
11 50 4 39115
12 50 6 78643
13 50 3 153389
14 50 5 336474
15 50 4 631876
16 50 6 1640670
17 50 5 3017793
18 50 5 4896556
19 50 8 9707807
20 50 4 21343774
21 50 6 43137725
22 50 5 87211815
23 50 6 169267955
24 50 7 350596730
25 50 6 688488584
26 50 5 1377752680
27 50 8 2741375080
28 50 6 5471098174
29 50 6 10899572209
30 50 10 21730422841
1 75 1 133
2 75 2 184
3 75 2 412
4 75 3 890
5 75 2 1394
6 75 3 2483
7 75 4 5145
8 75 4 9957
9 75 4 19284
10 75 5 36006
11 75 4 70373
12 75 6 138574
13 75 6 176152
14 75 8 309803
15 75 7 629139
16 75 4 1216163
17 75 5 2410488
18 75 5 4986353
19 75 5 10649848
20 75 8 19556696
21 75 7 39589332
22 75 6 82946579
23 75 6 162915319
24 75 7 341317443
25 75 7 681886121
26 75 6 1359917253
27 75 8 2740100864
28 75 7 5416269354
29 75 7 10924465126
30 75 7 22360035596
1 100 1 147
2 100 2 172
3 100 3 437
4 100 3 827
5 100 3 1535
6 100 2 2617
7 100 4 4989
8 100 4 8916
9 100 4 17369
10 100 6 34301
11 100 5 66680
12 100 3 132596
13 100 5 269737
14 100 6 510595
15 100 7 1033491
16 100 5 1309875
17 100 6 2547975
18 100 5 4820140
19 100 4 10940795
20 100 8 21021233
21 100 7 47112162
22 100 8 87483376
23 100 5 173407703
24 100 6 348845728
25 100 6 681051979
26 100 7 1350062551
27 100 9 2718120332
28 100 7 5423237490
29 100 6 10933685792
30 100 7 21945375266
1 1 0 100
2 1 0 99
3 1 0 180
4 1 0 329
5 1 0 675
6 1 0 1743
7 1 0 3176
8 1 0 6454
9 1 1 15061
10 1 0 21525
11 1 0 42133
12 1 0 80292
13 1 1 151101
14 1 1 302398
15 1 1 642487
16 1 0 1202770
17 1 0 2412961
18 1 1 5442305
19 1 0 10849739
20 1 1 20738377
21 1 1 43702411
22 1 0 82317608
23 1 1 170194753
24 1 0 343874239
25 1 1 673322634
26 1 0 1335134415
27 1 0 2735040335
28 1 1 5478830978
29 1 0 10876808516
30 1 1 21920930862
1 10 1 100
2 10 0 130
3 10 1 268
4 10 1 459
5 10 1 754
6 10 1 1376
7 10 1 2578
8 10 1 4942
9 10 2 9744
10 10 2 19040
11 10 2 37844
12 10 1 75934
13 10 2 151121
14 10 2 300589
15 10 2 632096
16 10 3 1683785
17 10 3 2701230
18 10 5 4841222
19 10 3 12843274
20 10 2 21414360
21 10 3 43443420
22 10 3 84452745
23 10 4 180438413
24 10 4 335365904
25 10 2 682334862
26 10 3 1361301017
27 10 4 2727416171
28 10 3 5488004467
29 10 6 10939747718
30 10 4 21939009547
1 20 0 105
2 20 1 190
3 20 1 404
4 20 1 694
5 20 1 972
6 20 2 1875
7 20 2 3174
8 20 2 5553
9 20 3 10102
10 20 3 19201
11 20 3 38667
12 20 5 76943
13 20 6 159454
14 20 3 302050
15 20 4 608356
16 20 4 1244663
17 20 4 2432261
18 20 2 5395445
19 20 5 10564885
20 20 3 20387466
21 20 4 44437798
22 20 5 84120440
23 20 4 180475495
24 20 4 352971799
25 20 4 690182642
26 20 4 1402807235
27 20 4 2836136091
28 20 5 5547259746
29 20 7 11231482008
30 20 6 21169483907
1 50 1 99
2 50 2 136
3 50 3 244
4 50 3 449
5 50 2 931
6 50 3 1610
7 50 4 3094
8 50 4 5577
9 50 4 10268
10 50 4 19816
11 50 5 40992
12 50 5 78864
13 50 3 152949
14 50 5 304621
15 50 4 611861
16 50 5 1209514
17 50 5 2415677
18 50 5 4870009
19 50 6 9942837
20 50 9 19684156
21 50 5 40440954
22 50 6 82293214
23 50 6 164205957
24 50 5 317085414
25 50 6 671059886
26 50 7 1308200101
27 50 7 2585739805
28 50 8 5288013236
29 50 6 10560051814
30 50 5 21181689630
1 75 1 105
2 75 2 137
3 75 3 282
4 75 3 424
5 75 3 940
6 75 3 1734
7 75 4 2846
8 75 4 5622
9 75 4 10544
10 75 3 19982
11 75 5 40156
12 75 5 79158
13 75 5 154272
14 75 8 311486
15 75 5 622576
16 75 5 1234909
17 75 6 2476897
18 75 5 4971662
19 75 5 10569520
20 75 7 19615558
21 75 6 42742528
22 75 6 79398013
23 75 7 161841407
24 75 7 323056904
25 75 9 659557442
26 75 5 1356804637
27 75 8 2626114739
28 75 6 5209880826
29 75 6 10543287061
30 75 5 20950295519
1 100 1 127
2 100 1 246
3 100 2 214
4 100 4 480
5 100 5 853
6 100 5 1646
7 100 4 2930
8 100 3 5735
9 100 3 10251
10 100 3 23057
11 100 5 39965
12 100 6 79506
13 100 4 154488
14 100 8 316656
15 100 5 605338
16 100 5 1219172
17 100 6 2622877
18 100 5 4932307
19 100 5 10611687
20 100 7 19463041
21 100 5 40584019
22 100 5 81265005
23 100 8 163970644
24 100 7 327739017
25 100 5 651181374
26 100 6 1318096536
27 100 8 2670758329
28 100 6 5271042821
29 100 7 10476902496
30 100 8 20824587592