n r res t
1 1 0 455
2 1 0 155
3 1 0 180
4 1 0 218
5 1 0 151
6 1 0 288
7 1 0 348
8 1 0 341
9 1 1 365
10 1 0 251
11 1 0 466
12 1 0 516
13 1 0 327
14 1 0 582
15 1 1 698
16 1 1 602
17 1 1 693
18 1 0 425
19 1 1 1104
20 1 0 825
21 1 1 1211
22 1 1 1540
23 1 0 552
24 1 1 870
25 1 0 607
26 1 1 2092
27 1 1 2057
28 1 1 854
29 1 1 736
30 1 1 1225
1 10 1 67
2 10 1 91
3 10 0 114
4 10 1 200
5 10 1 147
6 10 1 511
7 10 2 549
8 10 2 846
9 10 3 1764
10 10 2 1367
11 10 1 720
12 10 3 1878
13 10 3 1373
14 10 2 1072
15 10 2 1428
16 10 2 2694
17 10 4 3942
18 10 4 4043
19 10 3 1748
20 10 1 1423
21 10 2 3229
22 10 2 2091
23 10 4 5793
24 10 4 12593
25 10 4 11617
26 10 2 5079
27 10 2 2702
28 10 4 7841
29 10 3 13668
30 10 4 9461
1 20 1 93
2 20 2 208
3 20 1 297
4 20 2 415
5 20 2 547
6 20 1 692
7 20 1 544
8 20 2 1131
9 20 4 2403
10 20 3 2858
11 20 3 2186
12 20 2 1201
13 20 4 6879
14 20 3 4055
15 20 1 2062
16 20 2 2739
17 20 4 5142
18 20 3 6081
19 20 6 26308
20 20 4 10806
21 20 3 3792
22 20 3 11397
23 20 4 14570
24 20 2 7033
25 20 4 19140
26 20 7 77442
27 20 6 91941
28 20 5 21887
29 20 4 17398
30 20 5 28148
1 50 1 61
2 50 1 135
3 50 2 245
4 50 2 395
5 50 3 639
6 50 2 915
7 50 3 1540
8 50 4 2219
9 50 4 3609
10 50 3 3027
11 50 5 8111
12 50 5 10747
13 50 6 11370
14 50 4 13765
15 50 3 16280
16 50 6 21528
17 50 7 71741
18 50 5 63858
19 50 7 192544
20 50 6 47381
21 50 6 87913
22 50 6 48864
23 50 9 319019
24 50 5 126853
25 50 7 166733
26 50 7 595974
27 50 8 759965
28 50 6 416523
29 50 8 1016068
30 50 7 750534
1 75 1 116
2 75 2 192
3 75 2 307
4 75 3 716
5 75 3 1152
6 75 3 1077
7 75 4 3294
8 75 6 3634
9 75 4 4119
10 75 3 3566
11 75 5 7279
12 75 7 30090
13 75 3 8835
14 75 6 36439
15 75 4 28184
16 75 6 36101
17 75 6 54642
18 75 5 30786
19 75 7 120524
20 75 5 77211
21 75 8 364746
22 75 7 405952
23 75 8 163955
24 75 5 112293
25 75 7 249240
26 75 7 250466
27 75 8 404391
28 75 8 1463551
29 75 7 743457
30 75 7 646675
1 100 1 93
2 100 2 178
3 100 2 431
4 100 3 746
5 100 3 1140
6 100 4 1995
7 100 3 2227
8 100 4 4549
9 100 5 5818
10 100 3 5983
11 100 5 11263
12 100 5 23766
13 100 4 10604
14 100 6 45575
15 100 5 33073
16 100 6 77383
17 100 5 41319
18 100 7 96394
19 100 6 114381
20 100 6 216480
21 100 6 171492
22 100 6 85532
23 100 6 311408
24 100 10 1782854
25 100 7 960799
26 100 6 257335
27 100 7 478106
28 100 7 650332
29 100 9 1466295
30 100 6 857198
1 1 1 111
2 1 0 130
3 1 0 170
4 1 0 219
5 1 0 216
6 1 0 281
7 1 1 476
8 1 0 370
9 1 0 401
10 1 0 453
11 1 0 479
12 1 1 555
13 1 1 949
14 1 0 611
15 1 0 687
16 1 0 662
17 1 1 1221
18 1 0 785
19 1 1 1072
20 1 1 1461
21 1 0 860
22 1 1 1484
23 1 1 1456
24 1 1 1505
25 1 0 1076
26 1 0 1051
27 1 0 1147
28 1 1 1987
29 1 1 3522
30 1 1 1506
1 10 0 87
2 10 0 112
3 10 1 256
4 10 1 351
5 10 1 555
6 10 1 523
7 10 1 591
8 10 2 1074
9 10 2 1359
10 10 2 1377
11 10 1 1139
12 10 2 1969
13 10 3 2087
14 10 3 2094
15 10 2 1852
16 10 4 3955
17 10 3 1732
18 10 2 3723
19 10 3 5873
20 10 3 3890
21 10 2 3580
22 10 2 4538
23 10 4 6933
24 10 2 6145
25 10 3 2905
26 10 4 19101
27 10 3 6387
28 10 3 4872
29 10 2 9311
30 10 3 5929
1 20 0 79
2 20 1 178
3 20 2 323
4 20 2 335
5 20 2 553
6 20 2 714
7 20 3 1641
8 20 4 1863
9 20 3 2726
10 20 2 2773
11 20 2 1686
12 20 4 5747
13 20 3 9157
14 20 4 4741
15 20 3 5534
16 20 3 8720
17 20 3 9662
18 20 2 2781
19 20 4 25954
20 20 4 12203
21 20 5 59561
22 20 4 24824
23 20 3 13113
24 20 6 125702
25 20 4 43634
26 20 3 25165
27 20 7 55062
28 20 5 22621
29 20 5 101093
30 20 7 326764
1 50 1 97
2 50 2 183
3 50 1 345
4 50 2 655
5 50 3 1058
6 50 3 1756
7 50 3 2799
8 50 4 4174
9 50 5 10145
10 50 4 6588
11 50 3 5704
12 50 5 25657
13 50 5 17318
14 50 4 22124
15 50 4 21360
16 50 5 29818
17 50 6 56989
18 50 6 99744
19 50 6 86416
20 50 6 81520
21 50 8 246036
22 50 7 246326
23 50 8 289916
24 50 4 100028
25 50 7 599111
26 50 7 528748
27 50 8 943608
28 50 7 456365
29 50 7 409737
30 50 8 1661379
1 75 1 103
2 75 2 188
3 75 2 358
4 75 2 649
5 75 2 910
6 75 4 2499
7 75 4 2458
8 75 4 4952
9 75 5 8099
10 75 4 5455
11 75 5 9972
12 75 4 18966
13 75 3 10384
14 75 4 15740
15 75 5 38571
16 75 6 48779
17 75 6 106165
18 75 7 133022
19 75 5 78973
20 75 5 74612
21 75 5 52059
22 75 5 119271
23 75 6 289817
24 75 9 720621
25 75 7 437687
26 75 8 1345258
27 75 6 443185
28 75 7 1178370
29 75 9 2517366
30 75 8 2013594
1 100 1 99
2 100 2 188
3 100 2 309
4 100 3 585
5 100 2 677
6 100 4 1993
7 100 2 1452
8 100 4 4964
9 100 5 7577
10 100 5 6517
11 100 4 12208
12 100 4 13690
13 100 6 40570
14 100 6 38277
15 100 5 50008
16 100 6 61227
17 100 6 69538
18 100 7 92775
19 100 5 78616
20 100 8 241792
21 100 7 228030
22 100 9 347142
23 100 7 503134
24 100 7 507165
25 100 6 247968
26 100 8 756130
27 100 5 384379
28 100 6 290813
29 100 6 252729
30 100 7 1081169
1 1 0 106
2 1 0 123
3 1 0 177
4 1 1 324
5 1 0 217
6 1 1 385
7 1 0 334
8 1 0 377
9 1 1 705
10 1 1 590
11 1 0 464
12 1 0 398
13 1 0 430
14 1 1 923
15 1 1 1236
16 1 0 647
17 1 1 1364
18 1 0 785
19 1 0 791
20 1 1 1257
21 1 0 868
22 1 0 917
23 1 1 960
24 1 1 1009
25 1 0 1100
26 1 1 2340
27 1 0 1016
28 1 0 1150
29 1 1 2785
30 1 1 2485
1 10 1 83
2 10 1 186
3 10 2 320
4 10 2 274
5 10 1 447
6 10 1 380
7 10 2 406
8 10 2 1457
9 10 1 648
10 10 1 801
11 10 2 1095
12 10 1 1346
13 10 2 1293
14 10 3 5520
15 10 2 1965
16 10 3 3388
17 10 2 3574
18 10 2 3098
19 10 2 1709
20 10 2 4605
21 10 2 4215
22 10 3 5121
23 10 1 2663
24 10 5 15730
25 10 4 13030
26 10 4 16304
27 10 3 11002
28 10 4 23625
29 10 2 4858
30 10 2 5808
1 20 1 79
2 20 0 99
3 20 2 264
4 20 1 511
5 20 1 568
6 20 2 924
7 20 2 1028
8 20 2 1108
9 20 3 2631
10 20 2 1749
11 20 4 4437
12 20 3 5747
13 20 3 4019
14 20 2 2500
15 20 3 9728
16 20 3 10172
17 20 3 7355
18 20 4 14758
19 20 4 16702
20 20 2 4438
21 20 5 49777
22 20 4 26614
23 20 5 48885
24 20 4 38947
25 20 5 81692
26 20 5 39284
27 20 4 21862
28 20 5 126860
29 20 4 34944
30 20 3 30928
1 50 1 91
2 50 2 205
3 50 1 300
4 50 3 602
5 50 3 928
6 50 5 2183
7 50 4 2767
8 50 2 2286
9 50 4 6731
10 50 4 5319
11 50 5 18048
12 50 3 7939
13 50 6 28849
14 50 3 9893
15 50 7 73522
16 50 5 49819
17 50 7 79590
18 50 6 171483
19 50 6 52234
20 50 7 269121
21 50 7 146969
22 50 7 78535
23 50 5 144777
24 50 6 236615
25 50 5 170051
26 50 7 499190
27 50 7 312363
28 50 5 88917
29 50 7 278131
30 50 5 164808
1 75 1 65
2 75 2 129
3 75 2 279
4 75 2 383
5 75 2 645
6 75 5 1661
7 75 2 970
8 75 4 2577
9 75 3 2899
10 75 4 4412
11 75 4 10003
12 75 6 12765
13 75 3 5557
14 75 5 19334
15 75 5 14693
16 75 6 29681
17 75 6 67981
18 75 8 103615
19 75 6 65298
20 75 6 76308
21 75 6 93081
22 75 6 180019
23 75 8 487114
24 75 6 187609
25 75 6 163280
26 75 8 577887
27 75 7 670255
28 75 7 452651
29 75 8 676678
30 75 11 4457250
1 100 1 81
2 100 1 129
3 100 2 231
4 100 2 370
5 100 4 1038
6 100 3 983
7 100 5 2543
8 100 4 2151
9 100 4 3985
10 100 5 6555
11 100 6 8510
12 100 4 6273
13 100 4 13306
14 100 4 11729
15 100 4 27554
16 100 6 25954
17 100 6 59951
18 100 6 37721
19 100 8 154908
20 100 6 101569
21 100 8 389013
22 100 6 183582
23 100 7 145527
24 100 6 79601
25 100 7 362159
26 100 5 177359
27 100 5 167616
28 100 8 757857
29 100 7 396580
30 100 7 654077
1 1 0 65
2 1 0 89
3 1 0 110
4 1 0 140
5 1 0 158
6 1 0 156
7 1 0 218
8 1 1 331
9 1 0 241
10 1 0 243
11 1 0 265
12 1 0 314
13 1 0 307
14 1 0 339
15 1 0 334
16 1 1 482
17 1 0 513
18 1 0 466
19 1 0 439
20 1 1 870
21 1 1 959
22 1 0 473
23 1 0 536
24 1 1 972
25 1 0 598
26 1 0 594
27 1 0 573
28 1 0 617
29 1 0 641
30 1 1 1627
1 10 0 60
2 10 1 74
3 10 1 118
4 10 1 208
5 10 0 150
6 10 2 430
7 10 4 1014
8 10 2 448
9 10 1 396
10 10 2 349
11 10 2 939
12 10 2 760
13 10 1 937
14 10 1 480
15 10 3 1472
16 10 4 4716
17 10 3 3463
18 10 3 2794
19 10 3 7125
20 10 2 1847
21 10 2 2654
22 10 1 1283
23 10 2 2861
24 10 2 2652
25 10 4 5834
26 10 4 5393
27 10 2 2579
28 10 5 16078
29 10 2 6100
30 10 3 14455
1 20 1 56
2 20 1 105
3 20 2 187
4 20 2 154
5 20 1 316
6 20 4 1063
7 20 3 988
8 20 3 878
9 20 3 742
10 20 4 2132
11 20 2 1996
12 20 2 2032
13 20 2 1345
14 20 3 4057
15 20 3 2235
16 20 4 5063
17 20 5 9034
18 20 3 5725
19 20 3 4170
20 20 5 11381
21 20 2 3762
22 20 5 26469
23 20 3 20439
24 20 4 16887
25 20 6 44767
26 20 4 20534
27 20 5 24803
28 20 5 23074
29 20 5 26469
30 20 6 111063
1 50 1 48
2 50 2 113
3 50 3 285
4 50 3 419
5 50 4 699
6 50 2 1088
7 50 3 1688
8 50 5 4593
9 50 4 5044
10 50 6 13372
11 50 5 9001
12 50 3 5098
13 50 5 30530
14 50 5 29534
15 50 5 30014
16 50 4 19019
17 50 5 59608
18 50 5 30155
19 50 6 26589
20 50 5 32907
21 50 6 43688
22 50 6 102064
23 50 5 83158
24 50 9 232943
25 50 8 334103
26 50 8 555865
27 50 6 142606
28 50 8 620088
29 50 7 499942
30 50 8 1202564
1 75 1 57
2 75 2 105
3 75 2 250
4 75 3 326
5 75 3 798
6 75 3 980
7 75 2 1007
8 75 4 2690
9 75 5 4533
10 75 5 5881
11 75 6 9580
12 75 5 14364
13 75 5 12266
14 75 6 34840
15 75 6 35545
16 75 5 20402
17 75 5 41551
18 75 6 38873
19 75 5 64058
20 75 4 32393
21 75 5 47057
22 75 7 278609
23 75 8 240190
24 75 7 275571
25 75 8 266738
26 75 8 449432
27 75 9 1354210
28 75 5 231000
29 75 6 400650
30 75 9 1775083
1 100 1 90
2 100 1 118
3 100 2 260
4 100 2 370
5 100 3 663
6 100 3 1254
7 100 4 1895
8 100 4 3134
9 100 3 2444
10 100 5 8197
11 100 4 8986
12 100 6 13524
13 100 6 22211
14 100 6 23919
15 100 5 16074
16 100 7 64278
17 100 6 40488
18 100 6 94356
19 100 4 28345
20 100 7 113445
21 100 7 172864
22 100 6 85807
23 100 7 131141
24 100 7 206098
25 100 7 217248
26 100 8 269737
27 100 7 352410
28 100 8 545914
29 100 9 525157
30 100 6 406661
1 1 0 66
2 1 0 95
3 1 0 98
4 1 0 137
5 1 0 135
6 1 0 170
7 1 0 207
8 1 0 210
9 1 0 213
10 1 0 239
11 1 0 249
12 1 1 456
13 1 1 501
14 1 1 610
15 1 1 360
16 1 1 621
17 1 1 636
18 1 1 925
19 1 0 432
20 1 0 458
21 1 0 458
22 1 1 604
23 1 0 539
24 1 0 516
25 1 0 546
26 1 1 796
27 1 1 727
28 1 1 1405
29 1 1 1172
30 1 0 640
1 10 1 62
2 10 2 123
3 10 1 240
4 10 2 243
5 10 2 236
6 10 1 383
7 10 1 305
8 10 2 827
9 10 2 538
10 10 1 449
11 10 2 1076
12 10 1 335
13 10 2 942
14 10 3 1589
15 10 1 757
16 10 2 1388
17 10 2 1696
18 10 2 2314
19 10 4 4605
20 10 1 1053
21 10 5 13884
22 10 2 2890
23 10 2 2858
24 10 2 4758
25 10 4 12848
26 10 6 8736
27 10 4 12768
28 10 3 2467
29 10 2 3316
30 10 4 11104
1 20 0 64
2 20 1 185
3 20 2 346
4 20 1 267
5 20 2 443
6 20 2 683
7 20 2 1151
8 20 2 645
9 20 1 548
10 20 2 1328
11 20 3 2539
12 20 3 3317
13 20 4 2576
14 20 5 9626
15 20 2 3230
16 20 4 5666
17 20 3 2935
18 20 3 3712
19 20 5 20137
20 20 3 7080
21 20 4 8306
22 20 3 5854
23 20 7 49423
24 20 3 6979
25 20 7 92737
26 20 4 12830
27 20 4 26108
28 20 5 36765
29 20 5 96310
30 20 7 259125
1 50 1 111
2 50 1 204
3 50 2 377
4 50 3 740
5 50 2 892
6 50 2 1129
7 50 3 2239
8 50 4 2773
9 50 4 6315
10 50 7 19405
11 50 4 9821
12 50 3 11946
13 50 4 18630
14 50 5 29479
15 50 5 35235
16 50 4 15773
17 50 6 59717
18 50 6 76597
19 50 5 25592
20 50 6 71580
21 50 7 125684
22 50 6 151219
23 50 9 137492
24 50 7 351803
25 50 9 609994
26 50 7 254840
27 50 7 571540
28 50 6 233099
29 50 9 1401680
30 50 7 699927
1 75 1 90
2 75 1 134
3 75 1 379
4 75 2 407
5 75 2 600
6 75 3 1126
7 75 4 1712
8 75 3 1753
9 75 3 2525
10 75 5 7217
11 75 5 7359
12 75 6 12443
13 75 5 16905
14 75 5 22541
15 75 6 38592
16 75 5 23686
17 75 9 105911
18 75 6 110016
19 75 5 71047
20 75 7 127946
21 75 7 231758
22 75 7 92488
23 75 6 156998
24 75 5 109345
25 75 7 170570
26 75 7 340689
27 75 7 795649
28 75 8 381220
29 75 8 524942
30 75 9 981481
1 100 1 53
2 100 1 122
3 100 2 209
4 100 3 397
5 100 3 625
6 100 4 1645
7 100 4 1939
8 100 5 2339
9 100 4 2678
10 100 4 3336
11 100 4 4634
12 100 5 19086
13 100 4 9117
14 100 6 11446
15 100 7 49792
16 100 4 16332
17 100 4 26362
18 100 6 52720
19 100 5 29594
20 100 5 38444
21 100 6 123397
22 100 7 377452
23 100 7 163064
24 100 6 118012
25 100 5 184640
26 100 5 88356
27 100 6 410099
28 100 8 944036
29 100 7 565861
30 100 12 8191283
1 1 1 74
2 1 0 118
3 1 0 127
4 1 0 169
5 1 0 212
6 1 1 251
7 1 0 319
8 1 1 370
9 1 0 360
10 1 0 445
11 1 0 294
12 1 1 508
13 1 1 589
14 1 1 553
15 1 0 398
16 1 1 567
17 1 1 619
18 1 0 452
19 1 0 481
20 1 0 480
21 1 1 1468
22 1 1 950
23 1 1 1127
24 1 1 1013
25 1 0 634
26 1 1 884
27 1 0 628
28 1 0 657
29 1 0 691
30 1 1 984
1 10 0 84
2 10 0 161
3 10 2 354
4 10 1 316
5 10 1 204
6 10 2 647
7 10 1 353
8 10 1 449
9 10 2 559
10 10 1 435
11 10 1 506
12 10 3 1829
13 10 2 1447
14 10 2 753
15 10 2 2113
16 10 2 1093
17 10 3 2815
18 10 2 1656
19 10 3 3881
20 10 1 1158
21 10 3 1771
22 10 2 2147
23 10 3 4845
24 10 3 3465
25 10 4 8315
26 10 2 5567
27 10 6 26280
28 10 4 25212
29 10 7 43651
30 10 3 6146
1 20 0 66
2 20 1 136
3 20 1 281
4 20 1 265
5 20 2 365
6 20 2 1076
7 20 1 695
8 20 2 525
9 20 3 1129
10 20 3 1364
11 20 4 2143
12 20 3 3582
13 20 5 8081
14 20 2 2897
15 20 5 5629
16 20 4 4753
17 20 3 4034
18 20 3 4963
19 20 3 6101
20 20 2 4756
21 20 3 5081
22 20 4 23362
23 20 4 13952
24 20 3 4861
25 20 3 16318
26 20 6 62654
27 20 5 75146
28 20 7 109187
29 20 5 45755
30 20 5 27100
1 50 1 83
2 50 1 199
3 50 2 338
4 50 2 559
5 50 2 480
6 50 3 999
7 50 3 1907
8 50 5 2974
9 50 3 3983
10 50 4 4977
11 50 3 5868
12 50 6 15100
13 50 4 6808
14 50 5 11088
15 50 6 21456
16 50 7 45829
17 50 5 18877
18 50 6 72614
19 50 6 52273
20 50 5 37164
21 50 9 683553
22 50 5 75449
23 50 6 177035
24 50 7 350448
25 50 7 266363
26 50 7 290807
27 50 9 689702
28 50 7 465590
29 50 7 503011
30 50 7 660811
1 75 1 61
2 75 2 127
3 75 2 276
4 75 2 400
5 75 2 602
6 75 4 1592
7 75 5 2578
8 75 4 2682
9 75 3 2471
10 75 4 4725
11 75 5 7533
12 75 4 11244
13 75 5 16114
14 75 5 9544
15 75 6 44953
16 75 6 46263
17 75 4 41822
18 75 5 79038
19 75 7 219468
20 75 5 95077
21 75 7 137108
22 75 9 625928
23 75 9 812626
24 75 5 72786
25 75 7 123282
26 75 6 141773
27 75 7 753118
28 75 7 830959
29 75 7 541680
30 75 9 1333306
1 100 1 84
2 100 2 116
3 100 3 232
4 100 3 440
5 100 4 907
6 100 4 1531
7 100 4 2009
8 100 4 4133
9 100 5 5350
10 100 3 6533
11 100 5 11297
12 100 4 7843
13 100 5 12337
14 100 6 15708
15 100 7 43117
16 100 5 22190
17 100 5 21147
18 100 7 161693
19 100 6 79192
20 100 7 327233
21 100 5 124778
22 100 6 192714
23 100 5 168502
24 100 7 210085
25 100 8 575240
26 100 5 64083
27 100 7 252707
28 100 5 161511
29 100 10 1867619
30 100 6 524905
1 1 0 76
2 1 0 144
3 1 0 196
4 1 0 203
5 1 0 216
6 1 1 337
7 1 1 349
8 1 1 306
9 1 0 304
10 1 0 300
11 1 0 327
12 1 0 347
13 1 1 580
14 1 1 556
15 1 1 688
16 1 1 652
17 1 0 446
18 1 1 610
19 1 1 491
20 1 0 487
21 1 1 947
22 1 0 563
23 1 0 577
24 1 0 555
25 1 1 903
26 1 0 632
27 1 1 874
28 1 1 1109
29 1 1 693
30 1 0 713
1 10 0 80
2 10 1 196
3 10 1 230
4 10 1 262
5 10 1 286
6 10 2 485
7 10 0 215
8 10 1 331
9 10 3 1356
10 10 1 606
11 10 2 925
12 10 4 2457
13 10 3 3910
14 10 3 1606
15 10 3 1491
16 10 1 1318
17 10 5 11998
18 10 3 3716
19 10 2 1630
20 10 2 3089
21 10 2 1990
22 10 3 5746
23 10 1 2508
24 10 3 7722
25 10 2 2933
26 10 4 9353
27 10 2 5037
28 10 3 4566
29 10 3 10001
30 10 3 3564
1 20 0 80
2 20 1 176
3 20 1 249
4 20 2 478
5 20 3 767
6 20 3 865
7 20 3 1806
8 20 3 1271
9 20 1 608
10 20 1 621
11 20 3 2897
12 20 3 2785
13 20 3 1751
14 20 3 4401
15 20 4 5378
16 20 4 5855
17 20 3 3248
18 20 3 7450
19 20 3 4077
20 20 3 4649
21 20 2 4657
22 20 4 13666
23 20 6 29396
24 20 4 24629
25 20 3 9350
26 20 8 122529
27 20 5 109390
28 20 3 13378
29 20 3 15409
30 20 5 55582
1 50 1 76
2 50 1 178
3 50 2 325
4 50 2 470
5 50 3 1061
6 50 4 1568
7 50 4 2469
8 50 6 6326
9 50 4 3515
10 50 4 2869
11 50 3 3463
12 50 4 7331
13 50 5 23556
14 50 4 13486
15 50 5 17198
16 50 7 44748
17 50 7 64474
18 50 6 34567
19 50 6 66425
20 50 5 53673
21 50 6 52391
22 50 6 75271
23 50 5 58547
24 50 5 70751
25 50 8 685770
26 50 7 359373
27 50 8 339509
28 50 7 209725
29 50 7 318564
30 50 7 604421
1 75 1 72
2 75 2 137
3 75 1 210
4 75 2 387
5 75 3 557
6 75 3 897
7 75 3 1426
8 75 6 3653
9 75 5 3985
10 75 4 3542
11 75 5 9838
12 75 6 13758
13 75 6 36899
14 75 5 15513
15 75 5 26417
16 75 6 46111
17 75 6 70093
18 75 5 45794
19 75 7 91827
20 75 7 100650
21 75 7 138645
22 75 5 71109
23 75 8 339636
24 75 6 74040
25 75 10 975397
26 75 8 413055
27 75 6 232075
28 75 6 182133
29 75 9 1133319
30 75 5 93949
1 100 1 44
2 100 2 111
3 100 2 209
4 100 3 483
5 100 4 1032
6 100 3 1072
7 100 3 1546
8 100 4 2953
9 100 4 3008
10 100 5 5632
11 100 3 3563
12 100 5 10962
13 100 6 24563
14 100 5 9222
15 100 6 32215
16 100 5 23749
17 100 6 30664
18 100 6 86294
19 100 5 40976
20 100 6 59101
21 100 5 57223
22 100 7 85949
23 100 7 202729
24 100 6 104370
25 100 7 247898
26 100 8 623454
27 100 5 123153
28 100 8 335983
29 100 7 564334
30 100 6 361996
1 1 0 65
2 1 1 128
3 1 0 109
4 1 0 132
5 1 0 149
6 1 1 250
7 1 0 181
8 1 0 200
9 1 0 241
10 1 1 418
11 1 0 278
12 1 0 289
13 1 0 310
14 1 0 346
15 1 1 376
16 1 0 369
17 1 0 398
18 1 0 431
19 1 1 518
20 1 0 459
21 1 1 834
22 1 1 739
23 1 0 544
24 1 0 523
25 1 0 539
26 1 0 558
27 1 1 858
28 1 1 732
29 1 0 654
30 1 1 996
1 10 1 56
2 10 0 70
3 10 0 99
4 10 1 226
5 10 1 225
6 10 1 485
7 10 0 186
8 10 2 641
9 10 3 953
10 10 2 764
11 10 2 1221
12 10 2 1892
13 10 1 1032
14 10 1 1278
15 10 2 1923
16 10 1 1065
17 10 2 2081
18 10 2 2120
19 10 4 4644
20 10 3 5390
21 10 3 6608
22 10 2 3251
23 10 2 2087
24 10 5 17670
25 10 3 4896
26 10 2 3580
27 10 3 3963
28 10 3 6525
29 10 6 22457
30 10 3 3608
1 20 1 222
2 20 1 152
3 20 1 247
4 20 2 443
5 20 1 216
6 20 2 429
7 20 1 631
8 20 2 613
9 20 2 949
10 20 3 2484
11 20 2 1810
12 20 3 3253
13 20 4 5078
14 20 3 2206
15 20 3 4781
16 20 4 6161
17 20 5 24390
18 20 5 12763
19 20 4 8372
20 20 3 4210
21 20 5 25267
22 20 5 8461
23 20 4 13241
24 20 4 20743
25 20 6 18513
26 20 5 32159
27 20 3 21924
28 20 5 31127
29 20 6 51866
30 20 5 28773
1 50 1 51
2 50 2 140
3 50 3 248
4 50 3 437
5 50 4 883
6 50 3 1095
7 50 5 2356
8 50 4 2821
9 50 3 2926
10 50 5 5130
11 50 4 4088
12 50 5 8478
13 50 4 9326
14 50 5 16006
15 50 4 14419
16 50 6 26215
17 50 6 73302
18 50 5 41922
19 50 4 25146
20 50 6 129025
21 50 5 42315
22 50 7 67290
23 50 6 104757
24 50 7 444607
25 50 7 195099
26 50 8 733565
27 50 5 150570
28 50 6 344922
29 50 8 729414
30 50 6 255460
1 75 1 86
2 75 2 127
3 75 1 214
4 75 3 481
5 75 3 623
6 75 5 1199
7 75 5 1835
8 75 4 2525
9 75 5 7774
10 75 7 9315
11 75 5 13408
12 75 5 20469
13 75 6 31818
14 75 4 6913
15 75 6 41937
16 75 5 23770
17 75 6 35543
18 75 7 70070
19 75 6 84018
20 75 8 213426
21 75 7 134831
22 75 9 384937
23 75 7 308436
24 75 7 393807
25 75 6 176004
26 75 6 156711
27 75 8 677378
28 75 7 1065656
29 75 7 645368
30 75 8 512544
1 100 1 73
2 100 2 123
3 100 1 204
4 100 2 375
5 100 2 649
6 100 4 1285
7 100 5 1983
8 100 3 2631
9 100 4 2116
10 100 4 3755
11 100 5 8236
12 100 4 5966
13 100 4 7749
14 100 6 29203
15 100 6 23116
16 100 5 17878
17 100 6 35778
18 100 6 111561
19 100 5 38382
20 100 8 109214
21 100 8 280044
22 100 7 175829
23 100 5 99470
24 100 7 134057
25 100 6 57759
26 100 8 498239
27 100 7 629262
28 100 8 701931
29 100 8 816585
30 100 10 3369646
1 1 0 66
2 1 0 68
3 1 0 110
4 1 0 128
5 1 0 162
6 1 1 269
7 1 0 163
8 1 0 207
9 1 0 226
10 1 0 268
11 1 1 570
12 1 0 514
13 1 0 459
14 1 0 307
15 1 0 340
16 1 0 393
17 1 0 456
18 1 1 532
19 1 1 636
20 1 0 467
21 1 0 506
22 1 0 500
23 1 0 531
24 1 0 535
25 1 0 565
26 1 1 638
27 1 0 586
28 1 1 1664
29 1 0 641
30 1 0 655
1 10 1 65
2 10 0 71
3 10 1 157
4 10 1 221
5 10 1 192
6 10 1 342
7 10 0 204
8 10 0 202
9 10 1 368
10 10 2 550
11 10 2 1238
12 10 3 957
13 10 1 826
14 10 3 1425
15 10 2 972
16 10 3 1954
17 10 2 2296
18 10 1 950
19 10 4 4875
20 10 2 905
21 10 2 1392
22 10 2 2093
23 10 2 2420
24 10 5 15554
25 10 1 1350
26 10 4 7631
27 10 4 7282
28 10 5 12300
29 10 4 11049
30 10 2 2883
1 20 1 58
2 20 1 118
3 20 2 140
4 20 1 163
5 20 2 525
6 20 1 269
7 20 3 525
8 20 3 850
9 20 4 1974
10 20 2 1004
11 20 4 2170
12 20 3 2779
13 20 3 882
14 20 5 9561
15 20 4 4391
16 20 3 4934
17 20 3 4068
18 20 3 5195
19 20 2 3380
20 20 4 8722
21 20 3 4440
22 20 3 8837
23 20 5 25716
24 20 6 39287
25 20 4 31367
26 20 5 36111
27 20 6 109009
28 20 4 26875
29 20 7 141607
30 20 5 28059
1 50 1 41
2 50 2 122
3 50 1 207
4 50 3 437
5 50 2 541
6 50 3 1077
7 50 2 1153
8 50 4 2472
9 50 4 4826
10 50 6 8159
11 50 4 5869
12 50 6 10632
13 50 3 7791
14 50 5 14656
15 50 4 13046
16 50 6 32051
17 50 5 35598
18 50 5 37406
19 50 8 125094
20 50 4 20689
21 50 6 52287
22 50 5 100507
23 50 6 157546
24 50 7 200122
25 50 6 113430
26 50 5 138758
27 50 8 290618
28 50 6 202417
29 50 6 298877
30 50 10 1768092
1 75 1 79
2 75 2 204
3 75 2 326
4 75 3 611
5 75 2 1001
6 75 3 1168
7 75 4 1931
8 75 4 3305
9 75 4 2841
10 75 5 6705
11 75 4 5630
12 75 6 7339
13 75 6 29872
14 75 8 38054
15 75 7 69626
16 75 4 21716
17 75 5 23661
18 75 5 32330
19 75 5 52915
20 75 8 103964
21 75 7 118509
22 75 6 69108
23 75 6 81749
24 75 7 141343
25 75 7 262131
26 75 6 488036
27 75 8 540068
28 75 7 660414
29 75 7 436440
30 75 7 443446
1 100 1 51
2 100 2 109
3 100 3 215
4 100 3 382
5 100 3 910
6 100 2 1018
7 100 4 2808
8 100 4 2063
9 100 4 4391
10 100 6 6674
11 100 5 9001
12 100 3 6039
13 100 5 7280
14 100 6 29408
15 100 7 51000
16 100 5 24976
17 100 6 27922
18 100 5 44815
19 100 4 26727
20 100 8 286742
21 100 7 83514
22 100 8 273192
23 100 5 65237
24 100 6 137853
25 100 6 258028
26 100 7 392907
27 100 9 558358
28 100 7 217815
29 100 6 295867
30 100 7 626414
1 1 0 84
2 1 0 112
3 1 0 170
4 1 0 162
5 1 0 227
6 1 0 270
7 1 0 233
8 1 0 348
9 1 1 386
10 1 0 252
11 1 0 275
12 1 0 292
13 1 1 997
14 1 1 843
15 1 1 527
16 1 0 379
17 1 0 417
18 1 1 774
19 1 0 459
20 1 1 702
21 1 1 834
22 1 0 512
23 1 1 982
24 1 0 563
25 1 1 699
26 1 0 579
27 1 0 660
28 1 1 970
29 1 0 680
30 1 1 1471
1 10 1 82
2 10 0 119
3 10 1 228
4 10 1 332
5 10 1 287
6 10 1 420
7 10 1 695
8 10 1 747
9 10 2 1027
10 10 2 613
11 10 2 1272
12 10 1 562
13 10 2 1371
14 10 2 811
15 10 2 1569
16 10 3 1086
17 10 3 3801
18 10 5 6418
19 10 3 2328
20 10 2 1564
21 10 3 3657
22 10 3 6345
23 10 4 18640
24 10 4 7288
25 10 2 3290
26 10 3 3523
27 10 4 10342
28 10 3 5587
29 10 6 22879
30 10 4 20821
1 20 0 65
2 20 1 98
3 20 1 233
4 20 1 323
5 20 1 496
6 20 2 476
7 20 2 595
8 20 2 948
9 20 3 1904
10 20 3 1332
11 20 3 1935
12 20 5 4666
13 20 6 8987
14 20 3 4312
15 20 4 9382
16 20 4 6905
17 20 4 4691
18 20 2 4786
19 20 5 19975
20 20 3 4324
21 20 4 21846
22 20 5 23349
23 20 4 10455
24 20 4 24326
25 20 4 14423
26 20 4 9943
27 20 4 15355
28 20 5 41897
29 20 7 118503
30 20 6 90656
1 50 1 100
2 50 2 224
3 50 3 377
4 50 3 519
5 50 2 500
6 50 3 1914
7 50 4 1610
8 50 4 3104
9 50 4 2643
10 50 4 4743
11 50 5 18170
12 50 5 9311
13 50 3 6877
14 50 5 17142
15 50 4 11920
16 50 5 39720
17 50 5 48057
18 50 5 36565
19 50 6 76357
20 50 9 469594
21 50 5 107901
22 50 6 103226
23 50 6 76996
24 50 5 82933
25 50 6 139770
26 50 7 398075
27 50 7 501161
28 50 8 460037
29 50 6 323565
30 50 5 161934
1 75 1 54
2 75 2 127
3 75 3 241
4 75 3 694
5 75 3 744
6 75 3 1519
7 75 4 3028
8 75 4 2368
9 75 4 3149
10 75 3 3712
11 75 5 11099
12 75 5 10023
13 75 5 14705
14 75 8 63257
15 75 5 27472
16 75 5 26041
17 75 6 53443
18 75 5 34983
19 75 5 21910
20 75 7 107210
21 75 6 80432
22 75 6 102980
23 75 7 136974
24 75 7 252621
25 75 9 572648
26 75 5 157591
27 75 8 280190
28 75 6 252479
29 75 6 466295
30 75 5 179551
1 100 1 40
2 100 1 116
3 100 2 265
4 100 4 602
5 100 5 952
6 100 5 1495
7 100 4 1723
8 100 3 2450
9 100 3 2349
10 100 3 2986
11 100 5 7248
12 100 6 15153
13 100 4 11523
14 100 8 56302
15 100 5 19991
16 100 5 28952
17 100 6 58158
18 100 5 59842
19 100 5 45929
20 100 7 117172
21 100 5 58062
22 100 5 62547
23 100 8 433772
24 100 7 265835
25 100 5 168910
26 100 6 239819
27 100 8 695979
28 100 6 206569
29 100 7 749820
30 100 8 993104