n r res t
1 10 0 533
2 10 0 275
3 10 1 281
4 10 0 298
5 10 2 444
6 10 2 734
7 10 3 717
8 10 1 604
9 10 2 1881
10 10 1 578
11 10 1 1500
12 10 2 1359
13 10 2 2214
14 10 2 1576
15 10 4 2708
16 10 2 3310
17 10 3 6496
18 10 2 1801
19 10 4 6630
20 10 3 3420
21 10 3 6640
22 10 3 1829
23 10 3 8039
24 10 3 7074
25 10 3 6290
26 10 5 31544
27 10 4 14730
28 10 3 8284
29 10 3 4563
30 10 4 12242
1 20 1 120
2 20 1 178
3 20 1 249
4 20 1 326
5 20 2 586
6 20 2 558
7 20 2 518
8 20 3 1098
9 20 4 1577
10 20 3 1401
11 20 2 788
12 20 4 2162
13 20 4 2324
14 20 4 2200
15 20 3 6093
16 20 4 4023
17 20 5 11640
18 20 4 9248
19 20 4 2994
20 20 2 5789
21 20 4 8235
22 20 3 3801
23 20 5 19067
24 20 5 37716
25 20 6 34428
26 20 4 36073
27 20 3 8815
28 20 6 36004
29 20 5 54040
30 20 5 31064
1 50 1 74
2 50 2 190
3 50 2 252
4 50 3 269
5 50 3 411
6 50 3 1003
7 50 3 1016
8 50 4 1769
9 50 5 1909
10 50 5 5599
11 50 5 6462
12 50 3 4846
13 50 5 9576
14 50 5 18446
15 50 3 12858
16 50 3 9148
17 50 5 16481
18 50 4 18971
19 50 7 64351
20 50 6 70929
21 50 5 27581
22 50 5 50125
23 50 6 84942
24 50 5 80908
25 50 6 160585
26 50 9 444430
27 50 8 646183
28 50 9 214453
29 50 5 131583
30 50 7 391554
1 75 1 86
2 75 1 140
3 75 3 212
4 75 2 478
5 75 3 712
6 75 3 1187
7 75 3 1658
8 75 5 1473
9 75 5 3232
10 75 4 3977
11 75 5 5367
12 75 5 10100
13 75 6 8928
14 75 5 18640
15 75 4 14970
16 75 6 8586
17 75 7 16945
18 75 6 65723
19 75 7 137244
20 75 6 24744
21 75 7 62347
22 75 6 30124
23 75 9 146595
24 75 6 140220
25 75 7 131741
26 75 8 395832
27 75 8 392580
28 75 6 273964
29 75 8 360987
30 75 7 453771
1 100 1 80
2 100 2 105
3 100 2 134
4 100 3 187
5 100 3 519
6 100 3 870
7 100 4 1924
8 100 6 1253
9 100 4 2974
10 100 3 3096
11 100 5 2762
12 100 7 5971
13 100 3 6422
14 100 6 16272
15 100 4 18325
16 100 6 22870
17 100 6 17201
18 100 5 17923
19 100 7 45428
20 100 5 48807
21 100 8 151236
22 100 7 173098
23 100 8 85871
24 100 5 92718
25 100 7 200815
26 100 7 162627
27 100 8 209791
28 100 8 688080
29 100 7 306446
30 100 7 280491
1 1000 1 85
2 1000 2 181
3 1000 2 234
4 1000 3 204
5 1000 3 387
6 1000 4 683
7 1000 3 1740
8 1000 4 1832
9 1000 5 1371
10 1000 3 3285
11 1000 5 3992
12 1000 5 8537
13 1000 4 5331
14 1000 6 15094
15 1000 5 13181
16 1000 6 25657
17 1000 5 18638
18 1000 7 34074
19 1000 6 37517
20 1000 6 86948
21 1000 6 64140
22 1000 6 30224
23 1000 6 135163
24 1000 10 224437
25 1000 7 359896
26 1000 6 123249
27 1000 7 172919
28 1000 7 266480
29 1000 9 316485
30 1000 6 397510
1 10 1 100
2 10 0 178
3 10 2 135
4 10 1 276
5 10 0 284
6 10 1 523
7 10 2 1176
8 10 1 1049
9 10 2 495
10 10 1 806
11 10 2 1608
12 10 2 579
13 10 3 1030
14 10 2 1304
15 10 1 1881
16 10 2 1845
17 10 3 2995
18 10 3 1750
19 10 5 4780
20 10 2 2941
21 10 2 3935
22 10 4 7533
23 10 2 3670
24 10 3 9267
25 10 2 6516
26 10 2 3894
27 10 2 9367
28 10 4 17674
29 10 4 30012
30 10 3 8906
1 20 1 106
2 20 1 146
3 20 1 388
4 20 2 528
5 20 2 1023
6 20 2 926
7 20 1 1432
8 20 3 1448
9 20 2 2617
10 20 3 3770
11 20 3 2696
12 20 3 6383
13 20 3 7916
14 20 4 4637
15 20 3 6495
16 20 4 8299
17 20 4 3595
18 20 3 18530
19 20 4 15784
20 20 4 8926
21 20 4 12214
22 20 3 26014
23 20 5 21392
24 20 4 16245
25 20 4 20977
26 20 5 92593
27 20 4 19305
28 20 4 23288
29 20 4 49077
30 20 4 34368
1 50 1 115
2 50 2 137
3 50 3 362
4 50 3 400
5 50 3 873
6 50 3 1043
7 50 5 1092
8 50 5 2122
9 50 4 3978
10 50 4 6500
11 50 4 6528
12 50 5 15641
13 50 5 20642
14 50 5 19131
15 50 5 22956
16 50 6 31707
17 50 4 42559
18 50 4 30315
19 50 5 79745
20 50 7 70994
21 50 8 247923
22 50 6 187045
23 50 5 74387
24 50 8 364957
25 50 6 158971
26 50 6 474116
27 50 9 290259
28 50 6 72560
29 50 7 181812
30 50 10 1143830
1 75 1 68
2 75 2 99
3 75 1 201
4 75 2 284
5 75 3 303
6 75 3 611
7 75 3 1535
8 75 4 1580
9 75 5 3039
10 75 4 2775
11 75 3 3174
12 75 5 10909
13 75 6 5736
14 75 4 12890
15 75 4 15977
16 75 5 14859
17 75 6 17403
18 75 6 38561
19 75 6 37190
20 75 6 37432
21 75 8 45517
22 75 8 77998
23 75 8 95101
24 75 5 141024
25 75 7 206383
26 75 8 249893
27 75 9 297241
28 75 8 307784
29 75 7 166221
30 75 8 733365
1 100 1 76
2 100 2 101
3 100 2 122
4 100 2 308
5 100 2 415
6 100 4 558
7 100 4 735
8 100 4 1776
9 100 5 1916
10 100 4 1967
11 100 5 2758
12 100 4 8569
13 100 3 5972
14 100 4 7353
15 100 5 16613
16 100 6 18132
17 100 6 34245
18 100 7 44491
19 100 5 39590
20 100 5 33074
21 100 5 25922
22 100 5 54006
23 100 6 122904
24 100 9 261493
25 100 7 143656
26 100 8 411392
27 100 6 194778
28 100 7 514978
29 100 9 559505
30 100 8 680303
1 1000 1 90
2 1000 2 137
3 1000 2 134
4 1000 3 309
5 1000 2 468
6 1000 4 505
7 1000 2 810
8 1000 4 1690
9 1000 5 1989
10 1000 5 1696
11 1000 4 4936
12 1000 4 5592
13 1000 6 10185
14 1000 6 9956
15 1000 5 21992
16 1000 6 19365
17 1000 6 24269
18 1000 7 20714
19 1000 5 39640
20 1000 8 45423
21 1000 7 69136
22 1000 9 68900
23 1000 7 149546
24 1000 7 175941
25 1000 6 99194
26 1000 8 157672
27 1000 5 206441
28 1000 6 117788
29 1000 6 118988
30 1000 7 414038
1 10 0 88
2 10 1 156
3 10 0 213
4 10 2 270
5 10 2 467
6 10 3 858
7 10 1 483
8 10 3 589
9 10 2 1407
10 10 2 886
11 10 2 965
12 10 1 784
13 10 2 1585
14 10 2 2484
15 10 3 2898
16 10 2 3269
17 10 3 4716
18 10 3 4623
19 10 3 2644
20 10 1 881
21 10 2 2505
22 10 2 1817
23 10 3 1168
24 10 3 2359
25 10 3 5163
26 10 4 6249
27 10 2 3194
28 10 4 14314
29 10 3 7228
30 10 3 4375
1 20 1 68
2 20 1 104
3 20 3 145
4 20 2 161
5 20 2 308
6 20 2 208
7 20 2 488
8 20 3 1414
9 20 2 401
10 20 1 662
11 20 2 1081
12 20 2 1468
13 20 3 1711
14 20 4 5482
15 20 3 2156
16 20 4 6154
17 20 4 6454
18 20 3 4050
19 20 3 3508
20 20 4 11150
21 20 3 10263
22 20 5 12669
23 20 2 4673
24 20 7 15653
25 20 6 30360
26 20 5 34811
27 20 4 22188
28 20 6 82145
29 20 3 16788
30 20 4 15286
1 50 1 88
2 50 1 104
3 50 2 142
4 50 3 279
5 50 2 569
6 50 3 566
7 50 3 924
8 50 3 1326
9 50 5 2341
10 50 4 2466
11 50 6 3416
12 50 5 6432
13 50 5 6215
14 50 4 7821
15 50 4 21188
16 50 6 15175
17 50 5 18589
18 50 6 29436
19 50 6 44455
20 50 3 16085
21 50 7 96962
22 50 6 73218
23 50 5 71599
24 50 6 347963
25 50 8 209635
26 50 7 150744
27 50 5 124075
28 50 8 868148
29 50 7 169235
30 50 7 313665
1 75 1 115
2 75 2 139
3 75 2 247
4 75 3 307
5 75 4 281
6 75 5 342
7 75 4 1155
8 75 2 1901
9 75 4 3432
10 75 5 2052
11 75 5 10551
12 75 3 10408
13 75 6 12873
14 75 4 9684
15 75 7 41110
16 75 5 44007
17 75 8 24109
18 75 7 179774
19 75 6 64197
20 75 7 199049
21 75 8 81504
22 75 7 52274
23 75 6 263108
24 75 7 370926
25 75 5 213095
26 75 7 433807
27 75 7 306681
28 75 5 135274
29 75 8 310968
30 75 6 241083
1 100 1 101
2 100 2 157
3 100 2 227
4 100 2 491
5 100 2 713
6 100 5 416
7 100 2 1324
8 100 4 1186
9 100 3 2226
10 100 4 3230
11 100 4 7289
12 100 6 4035
13 100 3 4927
14 100 5 14558
15 100 5 7844
16 100 6 18492
17 100 6 40635
18 100 8 46881
19 100 6 38856
20 100 6 49793
21 100 6 69539
22 100 6 121622
23 100 8 277908
24 100 6 140892
25 100 6 114033
26 100 8 315128
27 100 7 473555
28 100 7 294499
29 100 8 379427
30 100 11 2132696
1 1000 1 92
2 1000 1 124
3 1000 2 247
4 1000 2 395
5 1000 4 275
6 1000 3 676
7 1000 5 692
8 1000 4 1377
9 1000 4 2548
10 1000 5 3016
11 1000 6 2896
12 1000 4 4737
13 1000 4 10658
14 1000 4 9097
15 1000 4 24281
16 1000 6 15904
17 1000 6 35527
18 1000 6 20168
19 1000 8 47565
20 1000 6 65240
21 1000 8 179745
22 1000 6 138754
23 1000 7 91504
24 1000 6 62172
25 1000 7 364734
26 1000 5 286931
27 1000 5 297451
28 1000 8 766042
29 1000 7 580843
30 1000 7 897546
1 10 0 82
2 10 0 105
3 10 1 154
4 10 1 201
5 10 2 247
6 10 1 301
7 10 2 264
8 10 2 423
9 10 2 862
10 10 2 512
11 10 2 1718
12 10 2 1208
13 10 2 895
14 10 2 885
15 10 2 1242
16 10 3 1640
17 10 3 1784
18 10 2 3199
19 10 2 3574
20 10 4 4115
21 10 4 4965
22 10 3 10928
23 10 2 2802
24 10 4 9475
25 10 2 3583
26 10 3 2821
27 10 2 9322
28 10 2 3117
29 10 4 11124
30 10 3 10594
1 20 0 67
2 20 1 96
3 20 2 152
4 20 2 179
5 20 1 263
6 20 3 319
7 20 4 320
8 20 2 567
9 20 2 493
10 20 2 774
11 20 4 947
12 20 2 2058
13 20 2 2171
14 20 2 1373
15 20 4 2892
16 20 5 10617
17 20 4 11061
18 20 4 5414
19 20 4 19757
20 20 3 7543
21 20 3 10295
22 20 2 6574
23 20 3 11450
24 20 3 13014
25 20 5 17175
26 20 5 13768
27 20 4 12141
28 20 7 56306
29 20 4 27468
30 20 5 64073
1 50 1 77
2 50 2 99
3 50 2 135
4 50 3 194
5 50 3 365
6 50 5 357
7 50 4 918
8 50 5 945
9 50 4 1972
10 50 6 3131
11 50 4 5010
12 50 4 4137
13 50 4 6656
14 50 5 13710
15 50 5 14483
16 50 5 16311
17 50 7 26787
18 50 5 31035
19 50 4 27380
20 50 7 66104
21 50 4 30374
22 50 7 208619
23 50 6 183925
24 50 6 125484
25 50 8 294657
26 50 7 100635
27 50 7 171112
28 50 7 134862
29 50 7 212596
30 50 7 352933
1 75 1 87
2 75 2 114
3 75 3 138
4 75 3 152
5 75 4 233
6 75 3 679
7 75 3 1200
8 75 5 856
9 75 4 2520
10 75 6 2814
11 75 5 3013
12 75 3 3615
13 75 5 13221
14 75 5 14530
15 75 5 13374
16 75 5 11397
17 75 6 37274
18 75 5 23425
19 75 6 21818
20 75 5 35271
21 75 6 32777
22 75 6 71863
23 75 5 94771
24 75 9 68548
25 75 9 106597
26 75 9 344655
27 75 7 133985
28 75 8 497317
29 75 7 455335
30 75 8 1247186
1 100 1 101
2 100 2 101
3 100 2 126
4 100 3 272
5 100 3 387
6 100 3 548
7 100 2 1020
8 100 4 2093
9 100 5 1535
10 100 5 2369
11 100 6 4226
12 100 5 9273
13 100 5 7995
14 100 6 21697
15 100 6 21214
16 100 5 13497
17 100 5 31577
18 100 6 17806
19 100 5 53941
20 100 4 27931
21 100 5 36894
22 100 7 172953
23 100 8 96411
24 100 7 160731
25 100 8 132264
26 100 8 217735
27 100 9 593568
28 100 5 224274
29 100 6 340184
30 100 9 737192
1 1000 1 71
2 1000 1 97
3 1000 2 119
4 1000 2 266
5 1000 3 369
6 1000 3 714
7 1000 4 969
8 1000 4 1294
9 1000 3 1742
10 1000 5 3293
11 1000 4 6539
12 1000 6 6690
13 1000 6 12228
14 1000 6 11476
15 1000 5 10655
16 1000 7 20229
17 1000 6 18563
18 1000 6 59937
19 1000 4 24573
20 1000 7 56057
21 1000 7 96543
22 1000 6 62555
23 1000 7 56944
24 1000 7 117263
25 1000 7 136611
26 1000 8 116892
27 1000 7 175281
28 1000 8 253899
29 1000 9 332602
30 1000 6 352034
1 10 0 126
2 10 1 136
3 10 1 168
4 10 1 349
5 10 1 200
6 10 1 328
7 10 2 489
8 10 1 365
9 10 1 321
10 10 1 469
11 10 1 692
12 10 2 1344
13 10 2 1610
14 10 3 1873
15 10 3 1244
16 10 3 5992
17 10 1 1188
18 10 3 2631
19 10 3 3993
20 10 1 4917
21 10 1 4962
22 10 3 17697
23 10 3 10428
24 10 3 8062
25 10 3 5490
26 10 3 11074
27 10 4 13092
28 10 4 19151
29 10 4 27906
30 10 2 10114
1 20 1 254
2 20 2 305
3 20 1 357
4 20 2 524
5 20 2 441
6 20 2 1015
7 20 2 677
8 20 3 2012
9 20 3 2274
10 20 2 2086
11 20 3 2914
12 20 1 4126
13 20 2 3401
14 20 4 5530
15 20 2 7053
16 20 3 5378
17 20 3 10310
18 20 3 10351
19 20 5 13061
20 20 2 2989
21 20 7 33811
22 20 3 11270
23 20 4 8785
24 20 3 16092
25 20 6 44115
26 20 7 19791
27 20 6 41431
28 20 4 10990
29 20 3 11043
30 20 6 50695
1 50 1 63
2 50 2 112
3 50 3 163
4 50 2 257
5 50 3 377
6 50 2 733
7 50 3 840
8 50 3 901
9 50 3 2376
10 50 4 2033
11 50 4 3978
12 50 4 4073
13 50 5 3237
14 50 8 7325
15 50 4 6853
16 50 5 18980
17 50 5 18730
18 50 5 17223
19 50 5 41098
20 50 5 36629
21 50 6 37110
22 50 5 43750
23 50 8 207952
24 50 6 62162
25 50 9 317667
26 50 5 46886
27 50 6 153852
28 50 7 426420
29 50 8 463738
30 50 10 942445
1 75 1 86
2 75 2 117
3 75 2 124
4 75 3 155
5 75 2 488
6 75 3 604
7 75 4 1202
8 75 4 729
9 75 5 1630
10 75 8 1293
11 75 4 3876
12 75 4 5389
13 75 4 9414
14 75 5 15853
15 75 6 17612
16 75 4 11236
17 75 7 31812
18 75 6 38390
19 75 5 11785
20 75 6 50224
21 75 7 76791
22 75 6 115058
23 75 9 46248
24 75 8 197025
25 75 9 152774
26 75 7 218827
27 75 7 537469
28 75 6 209681
29 75 9 650678
30 75 7 680110
1 100 1 68
2 100 1 105
3 100 1 210
4 100 2 279
5 100 2 493
6 100 3 777
7 100 4 824
8 100 3 1938
9 100 3 1809
10 100 5 3166
11 100 5 4821
12 100 6 5077
13 100 5 11153
14 100 5 14639
15 100 6 19960
16 100 5 16637
17 100 9 28983
18 100 6 42373
19 100 5 32326
20 100 7 46163
21 100 7 130533
22 100 7 53058
23 100 6 112911
24 100 5 92271
25 100 7 90159
26 100 7 224784
27 100 7 524003
28 100 8 183357
29 100 8 292269
30 100 9 479277
1 1000 1 86
2 1000 1 140
3 1000 2 197
4 1000 3 287
5 1000 3 515
6 1000 4 888
7 1000 4 977
8 1000 5 1407
9 1000 4 1787
10 1000 4 2278
11 1000 4 3206
12 1000 5 13267
13 1000 4 7161
14 1000 6 4813
15 1000 7 20754
16 1000 4 14535
17 1000 4 21765
18 1000 6 28966
19 1000 5 19924
20 1000 5 24915
21 1000 6 90358
22 1000 7 231947
23 1000 7 90313
24 1000 6 71086
25 1000 5 159360
26 1000 5 73537
27 1000 6 302750
28 1000 8 627908
29 1000 7 383608
30 1000 12 2126659
1 10 1 127
2 10 1 204
3 10 1 149
4 10 2 510
5 10 0 293
6 10 2 497
7 10 1 348
8 10 2 489
9 10 3 456
10 10 2 986
11 10 1 1098
12 10 1 780
13 10 2 2065
14 10 2 1778
15 10 1 1632
16 10 2 1672
17 10 2 1427
18 10 2 3487
19 10 3 5646
20 10 2 3735
21 10 4 6831
22 10 4 4427
23 10 4 5463
24 10 4 14699
25 10 2 4539
26 10 5 10824
27 10 3 13448
28 10 2 3451
29 10 3 6746
30 10 3 13263
1 20 0 59
2 20 1 94
3 20 2 170
4 20 2 161
5 20 1 266
6 20 3 281
7 20 2 675
8 20 2 623
9 20 2 712
10 20 1 809
11 20 2 1512
12 20 4 2951
13 20 3 4492
14 20 3 2508
15 20 3 5384
16 20 3 2586
17 20 5 6114
18 20 3 4516
19 20 5 9914
20 20 2 4191
21 20 4 6179
22 20 3 8259
23 20 5 12905
24 20 4 11924
25 20 5 28513
26 20 4 20213
27 20 7 84142
28 20 6 130460
29 20 8 125629
30 20 5 28450
1 50 1 62
2 50 1 101
3 50 2 157
4 50 2 232
5 50 2 365
6 50 4 470
7 50 4 620
8 50 4 971
9 50 4 1965
10 50 4 2472
11 50 5 3426
12 50 5 10284
13 50 7 12308
14 50 4 9202
15 50 6 19163
16 50 6 10579
17 50 4 14169
18 50 5 24062
19 50 5 52828
20 50 4 43990
21 50 5 38962
22 50 6 161943
23 50 6 88173
24 50 5 70999
25 50 5 37684
26 50 9 351526
27 50 7 412872
28 50 8 426184
29 50 6 290728
30 50 6 148080
1 75 1 99
2 75 1 93
3 75 2 344
4 75 2 279
5 75 2 624
6 75 3 902
7 75 3 1636
8 75 6 553
9 75 4 3788
10 75 5 2561
11 75 3 5944
12 75 6 6889
13 75 4 5774
14 75 6 7232
15 75 6 9828
16 75 7 21450
17 75 5 15481
18 75 7 43467
19 75 6 45096
20 75 5 32298
21 75 9 146598
22 75 5 35319
23 75 6 120089
24 75 8 195111
25 75 7 126038
26 75 7 198852
27 75 9 376527
28 75 7 548396
29 75 8 473573
30 75 7 740059
1 100 1 86
2 100 2 166
3 100 2 202
4 100 2 307
5 100 2 674
6 100 4 912
7 100 5 1243
8 100 4 1888
9 100 3 2202
10 100 4 2795
11 100 5 4209
12 100 4 8630
13 100 5 9385
14 100 5 5242
15 100 6 24189
16 100 6 15695
17 100 4 20748
18 100 5 31970
19 100 7 54752
20 100 5 52075
21 100 7 47576
22 100 9 162214
23 100 9 246169
24 100 5 57536
25 100 7 69470
26 100 6 103001
27 100 7 599583
28 100 7 512808
29 100 7 369685
30 100 9 516791
1 1000 1 109
2 1000 2 100
3 1000 3 222
4 1000 3 258
5 1000 4 305
6 1000 4 570
7 1000 4 757
8 1000 4 1944
9 1000 5 1767
10 1000 3 4992
11 1000 5 6402
12 1000 4 5215
13 1000 5 8537
14 1000 6 8151
15 1000 7 18400
16 1000 5 18011
17 1000 5 16339
18 1000 7 42347
19 1000 6 26106
20 1000 7 99968
21 1000 5 91345
22 1000 6 138205
23 1000 5 136217
24 1000 7 136995
25 1000 8 220849
26 1000 5 50312
27 1000 7 195415
28 1000 5 136785
29 1000 10 446368
30 1000 6 414722
1 10 1 76
2 10 2 127
3 10 0 128
4 10 2 202
5 10 1 232
6 10 1 216
7 10 2 365
8 10 2 536
9 10 1 298
10 10 2 653
11 10 3 874
12 10 2 897
13 10 2 1681
14 10 3 1448
15 10 3 3554
16 10 3 3150
17 10 2 1478
18 10 4 3133
19 10 3 1885
20 10 3 4532
21 10 4 2278
22 10 3 6631
23 10 1 2806
24 10 4 12468
25 10 3 5954
26 10 1 2796
27 10 3 9433
28 10 4 15468
29 10 4 10389
30 10 3 8393
1 20 0 90
2 20 1 165
3 20 2 186
4 20 2 248
5 20 2 413
6 20 3 550
7 20 1 389
8 20 2 764
9 20 4 1768
10 20 2 1789
11 20 3 1873
12 20 5 1983
13 20 4 5193
14 20 5 2923
15 20 4 3525
16 20 3 4312
17 20 7 11884
18 20 3 7438
19 20 3 5334
20 20 4 9210
21 20 3 7915
22 20 5 21086
23 20 2 10491
24 20 5 28523
25 20 4 13447
26 20 5 35109
27 20 4 26204
28 20 4 32919
29 20 5 23795
30 20 4 18426
1 50 1 101
2 50 2 180
3 50 2 200
4 50 3 742
5 50 3 576
6 50 4 684
7 50 5 728
8 50 3 1301
9 50 3 1895
10 50 2 3088
11 50 5 3026
12 50 5 6249
13 50 4 4414
14 50 5 14701
15 50 6 11485
16 50 6 15517
17 50 5 15594
18 50 5 52346
19 50 5 35500
20 50 4 32431
21 50 4 47600
22 50 6 92577
23 50 6 55089
24 50 6 92791
25 50 6 115799
26 50 9 120438
27 50 9 497619
28 50 6 157207
29 50 5 126656
30 50 7 472077
1 75 1 117
2 75 2 161
3 75 2 245
4 75 2 646
5 75 3 719
6 75 4 906
7 75 4 1228
8 75 6 1414
9 75 4 1879
10 75 4 2212
11 75 3 4632
12 75 4 5631
13 75 6 20455
14 75 5 11865
15 75 5 12401
16 75 7 20541
17 75 7 27237
18 75 6 24235
19 75 6 43532
20 75 5 42258
21 75 6 36650
22 75 6 59305
23 75 5 48574
24 75 6 83553
25 75 9 545998
26 75 7 378417
27 75 8 204184
28 75 8 215232
29 75 7 273144
30 75 7 513609
1 100 1 117
2 100 2 161
3 100 1 277
4 100 2 401
5 100 3 462
6 100 3 696
7 100 3 1792
8 100 6 883
9 100 5 2134
10 100 4 1905
11 100 5 5373
12 100 6 5779
13 100 6 17744
14 100 5 9471
15 100 5 16244
16 100 6 24362
17 100 6 71791
18 100 5 49765
19 100 7 67244
20 100 7 70163
21 100 7 106176
22 100 5 90696
23 100 8 228509
24 100 6 68540
25 100 10 422287
26 100 8 278454
27 100 6 229250
28 100 6 176740
29 100 9 569067
30 100 5 79733
1 1000 1 77
2 1000 2 132
3 1000 2 224
4 1000 3 197
5 1000 4 197
6 1000 3 818
7 1000 3 1062
8 1000 4 1555
9 1000 4 1359
10 1000 5 2581
11 1000 3 3254
12 1000 5 6433
13 1000 6 10056
14 1000 5 4750
15 1000 6 16216
16 1000 5 15704
17 1000 6 17153
18 1000 6 64112
19 1000 5 33313
20 1000 6 49239
21 1000 5 43655
22 1000 7 49324
23 1000 7 103846
24 1000 6 77088
25 1000 7 150378
26 1000 8 291991
27 1000 5 105834
28 1000 8 174085
29 1000 7 371170
30 1000 6 303778
1 10 0 121
2 10 1 152
3 10 1 220
4 10 1 325
5 10 1 467
6 10 2 441
7 10 2 496
8 10 2 387
9 10 1 844
10 10 3 1587
11 10 2 549
12 10 2 1506
13 10 2 780
14 10 1 1040
15 10 3 1839
16 10 2 1572
17 10 2 2880
18 10 1 917
19 10 3 2132
20 10 2 2795
21 10 4 4279
22 10 4 3699
23 10 2 2290
24 10 3 6076
25 10 3 5139
26 10 2 5342
27 10 3 5198
28 10 4 9193
29 10 2 3190
30 10 4 7017
1 20 1 101
2 20 0 84
3 20 1 359
4 20 2 235
5 20 2 515
6 20 2 1260
7 20 1 596
8 20 3 1304
9 20 3 1273
10 20 3 2211
11 20 4 2776
12 20 4 5774
13 20 2 2147
14 20 2 3260
15 20 4 3213
16 20 2 2922
17 20 4 3878
18 20 3 6988
19 20 5 8801
20 20 5 18676
21 20 5 22930
22 20 4 11325
23 20 3 7519
24 20 7 41771
25 20 5 13410
26 20 3 18593
27 20 4 15666
28 20 4 28133
29 20 7 51114
30 20 4 13121
1 50 1 108
2 50 2 113
3 50 2 146
4 50 3 157
5 50 2 618
6 50 3 875
7 50 3 1796
8 50 3 1186
9 50 3 2020
10 50 4 2084
11 50 4 2060
12 50 5 9190
13 50 5 13397
14 50 5 9264
15 50 5 17672
16 50 6 45510
17 50 6 30782
18 50 6 44467
19 50 6 52281
20 50 5 25052
21 50 6 69809
22 50 6 35418
23 50 6 48411
24 50 6 150780
25 50 7 25552
26 50 7 172333
27 50 6 463948
28 50 7 266062
29 50 7 255577
30 50 7 190140
1 75 1 110
2 75 2 181
3 75 3 235
4 75 3 147
5 75 4 331
6 75 3 1388
7 75 5 470
8 75 4 1909
9 75 3 3359
10 75 5 3517
11 75 4 3836
12 75 6 4716
13 75 4 7973
14 75 6 8965
15 75 5 14123
16 75 7 16455
17 75 6 51711
18 75 6 33961
19 75 5 31691
20 75 7 147635
21 75 5 50296
22 75 7 45523
23 75 6 88170
24 75 7 334143
25 75 8 90253
26 75 8 309668
27 75 5 114045
28 75 6 425003
29 75 8 466266
30 75 7 259374
1 100 1 71
2 100 2 107
3 100 1 177
4 100 3 144
5 100 3 329
6 100 5 225
7 100 5 695
8 100 4 1413
9 100 5 3879
10 100 7 1460
11 100 5 7999
12 100 5 9156
13 100 6 10225
14 100 4 5405
15 100 6 21261
16 100 5 18513
17 100 6 28161
18 100 7 29061
19 100 6 50803
20 100 8 124070
21 100 7 66313
22 100 9 143491
23 100 7 178067
24 100 7 218417
25 100 6 82142
26 100 6 65852
27 100 8 232936
28 100 7 678300
29 100 7 430018
30 100 8 361365
1 1000 1 123
2 1000 2 141
3 1000 1 228
4 1000 2 330
5 1000 2 586
6 1000 4 403
7 1000 5 422
8 1000 3 2024
9 1000 4 1396
10 1000 4 2533
11 1000 5 4736
12 1000 4 4375
13 1000 4 5562
14 1000 6 14904
15 1000 6 10487
16 1000 5 11172
17 1000 6 19241
18 1000 6 79892
19 1000 5 29733
20 1000 8 46561
21 1000 8 159875
22 1000 7 94078
23 1000 5 83388
24 1000 7 83646
25 1000 6 39498
26 1000 8 174409
27 1000 7 337947
28 1000 8 276010
29 1000 8 432959
30 1000 10 2011841
1 10 0 82
2 10 0 111
3 10 0 136
4 10 0 164
5 10 2 170
6 10 2 222
7 10 1 240
8 10 0 251
9 10 1 472
10 10 1 409
11 10 2 1080
12 10 1 861
13 10 2 846
14 10 3 1343
15 10 2 2399
16 10 3 2864
17 10 2 2411
18 10 3 1294
19 10 4 3280
20 10 2 1539
21 10 1 1333
22 10 1 1441
23 10 2 2271
24 10 3 3554
25 10 3 3337
26 10 2 2820
27 10 4 16236
28 10 4 7394
29 10 2 6684
30 10 3 10702
1 20 1 145
2 20 1 88
3 20 1 127
4 20 2 239
5 20 1 191
6 20 1 457
7 20 1 471
8 20 1 323
9 20 2 1168
10 20 3 934
11 20 3 3066
12 20 4 1192
13 20 2 2099
14 20 4 4309
15 20 3 3525
16 20 4 3927
17 20 4 9055
18 20 2 3354
19 20 5 10638
20 20 4 3339
21 20 3 4842
22 20 4 5549
23 20 3 9878
24 20 6 33654
25 20 3 4696
26 20 5 23082
27 20 6 21871
28 20 7 26223
29 20 6 45711
30 20 3 16448
1 50 1 69
2 50 1 95
3 50 3 133
4 50 2 245
5 50 3 409
6 50 2 624
7 50 4 805
8 50 4 1388
9 50 6 1245
10 50 4 2396
11 50 5 4201
12 50 6 5770
13 50 4 2777
14 50 7 11426
15 50 5 22002
16 50 5 18243
17 50 3 12592
18 50 5 36986
19 50 4 17556
20 50 6 63201
21 50 5 31167
22 50 5 53162
23 50 6 74835
24 50 8 136793
25 50 6 173991
26 50 8 123514
27 50 8 406581
28 50 8 231618
29 50 10 275434
30 50 7 312611
1 75 1 121
2 75 2 138
3 75 1 269
4 75 3 424
5 75 2 662
6 75 3 1132
7 75 2 1384
8 75 4 2385
9 75 5 3254
10 75 6 3628
11 75 4 6577
12 75 6 5205
13 75 3 7891
14 75 5 8131
15 75 4 14639
16 75 6 20756
17 75 5 29033
18 75 5 36468
19 75 8 41245
20 75 5 25267
21 75 6 33192
22 75 5 99458
23 75 6 121007
24 75 7 137674
25 75 6 91433
26 75 5 192689
27 75 8 206261
28 75 7 171226
29 75 7 290450
30 75 11 949397
1 100 1 122
2 100 2 112
3 100 2 129
4 100 3 238
5 100 2 601
6 100 3 782
7 100 4 1319
8 100 4 2453
9 100 4 2000
10 100 5 2772
11 100 4 4419
12 100 6 3833
13 100 6 16082
14 100 8 7149
15 100 7 38057
16 100 4 17762
17 100 5 16785
18 100 5 22600
19 100 5 40829
20 100 8 35782
21 100 7 78666
22 100 6 54518
23 100 6 46795
24 100 7 58542
25 100 7 200273
26 100 6 399409
27 100 8 449908
28 100 7 565814
29 100 7 292135
30 100 7 252493
1 1000 1 78
2 1000 2 140
3 1000 3 154
4 1000 3 186
5 1000 3 459
6 1000 2 699
7 1000 4 1030
8 1000 4 1143
9 1000 4 2823
10 1000 6 1764
11 1000 5 4139
12 1000 3 5299
13 1000 5 4603
14 1000 6 15048
15 1000 7 18378
16 1000 5 18378
17 1000 6 14167
18 1000 5 28830
19 1000 4 23443
20 1000 8 130215
21 1000 7 30665
22 1000 8 154163
23 1000 5 49716
24 1000 6 86333
25 1000 6 203970
26 1000 7 231683
27 1000 9 163199
28 1000 7 131885
29 1000 6 212360
30 1000 7 418082
1 10 0 77
2 10 0 96
3 10 1 141
4 10 1 270
5 10 2 192
6 10 1 187
7 10 3 656
8 10 2 886
9 10 3 888
10 10 1 598
11 10 2 612
12 10 2 1024
13 10 4 2434
14 10 5 1277
15 10 2 1568
16 10 1 2038
17 10 2 1460
18 10 4 6221
19 10 1 1043
20 10 2 3407
21 10 3 2309
22 10 2 2097
23 10 3 2864
24 10 4 3845
25 10 4 6820
26 10 1 1987
27 10 2 3740
28 10 4 10721
29 10 2 10681
30 10 4 8245
1 20 1 121
2 20 1 136
3 20 2 196
4 20 2 342
5 20 1 588
6 20 1 631
7 20 2 1133
8 20 2 1137
9 20 3 1205
10 20 3 1122
11 20 4 2626
12 20 2 1866
13 20 3 4306
14 20 3 2248
15 20 3 7405
16 20 3 4016
17 20 4 18004
18 20 6 20743
19 20 4 13093
20 20 3 8633
21 20 5 8955
22 20 5 20019
23 20 6 128245
24 20 6 43223
25 20 4 22083
26 20 4 26662
27 20 6 53255
28 20 5 36777
29 20 7 124137
30 20 6 232708
1 50 1 108
2 50 2 186
3 50 2 216
4 50 2 484
5 50 2 666
6 50 3 1204
7 50 3 1308
8 50 4 2176
9 50 4 5358
10 50 4 4412
11 50 6 4795
12 50 6 10869
13 50 6 10147
14 50 5 29862
15 50 6 49802
16 50 5 35017
17 50 6 39652
18 50 5 46181
19 50 7 51344
20 50 5 48933
21 50 7 238526
22 50 6 104695
23 50 6 90050
24 50 7 156850
25 50 5 73640
26 50 6 82267
27 50 6 189387
28 50 7 300560
29 50 9 401069
30 50 9 1746169
1 75 1 76
2 75 2 133
3 75 3 135
4 75 3 174
5 75 2 467
6 75 4 487
7 75 4 941
8 75 4 1221
9 75 4 1492
10 75 5 1846
11 75 5 8793
12 75 5 6406
13 75 3 5382
14 75 6 11356
15 75 4 9230
16 75 6 33569
17 75 5 42312
18 75 6 24312
19 75 6 55428
20 75 10 116875
21 75 6 93564
22 75 7 106177
23 75 6 73150
24 75 6 159466
25 75 6 93246
26 75 8 434849
27 75 7 524332
28 75 8 249689
29 75 7 337637
30 75 5 164641
1 100 1 60
2 100 2 121
3 100 3 142
4 100 3 157
5 100 3 357
6 100 3 685
7 100 4 1072
8 100 4 1325
9 100 4 1611
10 100 3 3295
11 100 5 5850
12 100 5 5088
13 100 5 10351
14 100 8 14362
15 100 5 17827
16 100 5 19762
17 100 6 31048
18 100 5 27041
19 100 5 19149
20 100 7 63247
21 100 6 57065
22 100 6 75757
23 100 7 80326
24 100 7 172671
25 100 9 330425
26 100 5 139538
27 100 8 165536
28 100 6 193789
29 100 6 353577
30 100 5 165336
1 1000 1 59
2 1000 1 95
3 1000 2 142
4 1000 4 165
5 1000 5 200
6 1000 5 283
7 1000 4 856
8 1000 3 1857
9 1000 3 1914
10 1000 3 2283
11 1000 5 3874
12 1000 6 6410
13 1000 4 8941
14 1000 8 11668
15 1000 5 12896
16 1000 5 20674
17 1000 6 32278
18 1000 5 53974
19 1000 5 59983
20 1000 7 97343
21 1000 5 75831
22 1000 5 77947
23 1000 8 231315
24 1000 7 149680
25 1000 5 137967
26 1000 6 166577
27 1000 8 228950
28 1000 6 142774
29 1000 7 558195
30 1000 8 475826