n r res t
1 10 0 3623
2 10 0 974
3 10 1 1325
4 10 0 1348
5 10 2 1927
6 10 2 2097
7 10 3 2841
8 10 1 2650
9 10 2 4197
10 10 1 3260
11 10 1 5950
12 10 2 4905
13 10 2 5165
14 10 2 5477
15 10 4 7833
16 10 2 7102
17 10 3 10416
18 10 2 6449
19 10 4 10789
20 10 3 9514
21 10 3 10570
22 10 3 7323
23 10 3 13205
24 10 3 11850
25 10 3 13047
26 10 5 17787
27 10 4 14864
28 10 3 13909
29 10 3 13710
30 10 4 17356
1 20 1 807
2 20 1 948
3 20 1 1310
4 20 1 1511
5 20 2 2155
6 20 2 2420
7 20 2 2657
8 20 3 4223
9 20 4 5713
10 20 3 6738
11 20 2 3865
12 20 4 7864
13 20 4 8079
14 20 4 8077
15 20 3 11492
16 20 4 10146
17 20 5 13788
18 20 4 15524
19 20 4 10824
20 20 2 12289
21 20 4 14691
22 20 3 10086
23 20 5 18429
24 20 5 42951
25 20 6 22413
26 20 4 24273
27 20 3 18564
28 20 6 28657
29 20 5 29571
30 20 5 24454
1 50 1 823
2 50 2 1094
3 50 2 1674
4 50 3 2088
5 50 3 3026
6 50 3 3615
7 50 3 4548
8 50 4 6156
9 50 5 11852
10 50 5 13934
11 50 5 15590
12 50 3 11832
13 50 5 16224
14 50 5 20038
15 50 3 17893
16 50 3 17848
17 50 5 21065
18 50 4 22326
19 50 7 33854
20 50 6 36280
21 50 5 26137
22 50 5 31903
23 50 6 39929
24 50 5 34596
25 50 6 34646
26 50 9 47177
27 50 8 44760
28 50 9 55759
29 50 5 34193
30 50 7 49530
1 75 1 967
2 75 1 921
3 75 3 1303
4 75 2 1721
5 75 3 2402
6 75 3 3403
7 75 3 3740
8 75 5 5189
9 75 5 6432
10 75 4 8122
11 75 5 11851
12 75 5 12546
13 75 6 17476
14 75 5 14643
15 75 4 19441
16 75 6 15316
17 75 7 20660
18 75 6 28107
19 75 7 40327
20 75 6 23524
21 75 7 28298
22 75 6 32032
23 75 9 33983
24 75 6 34694
25 75 7 39475
26 75 8 47931
27 75 8 40502
28 75 6 48338
29 75 8 53616
30 75 7 63359
1 100 1 934
2 100 2 1181
3 100 2 1485
4 100 3 2247
5 100 3 2321
6 100 3 3153
7 100 4 5713
8 100 6 7914
9 100 4 8425
10 100 3 8955
11 100 5 9326
12 100 7 19627
13 100 3 12310
14 100 6 19879
15 100 4 15921
16 100 6 24523
17 100 6 97806
18 100 5 23899
19 100 7 30833
20 100 5 30999
21 100 8 36197
22 100 7 38565
23 100 8 38046
24 100 5 37406
25 100 7 39089
26 100 7 50785
27 100 8 43573
28 100 8 54909
29 100 7 51584
30 100 7 55152
1 1000 1 4190
2 1000 2 5087
3 1000 2 4860
4 1000 3 5390
5 1000 3 5106
6 1000 4 7260
7 1000 3 7605
8 1000 4 11136
9 1000 5 21392
10 1000 3 11649
11 1000 5 15158
12 1000 5 18646
13 1000 4 16580
14 1000 6 24394
15 1000 5 23528
16 1000 6 30822
17 1000 5 23254
18 1000 7 29819
19 1000 6 28137
20 1000 6 29202
21 1000 6 24304
22 1000 6 25266
23 1000 6 31359
24 1000 10 39386
25 1000 7 34831
26 1000 6 31888
27 1000 7 31423
28 1000 7 61449
29 1000 9 44918
30 1000 6 41158
1 10 1 510
2 10 0 642
3 10 2 849
4 10 1 1038
5 10 0 1089
6 10 1 1399
7 10 2 2190
8 10 1 2101
9 10 2 2210
10 10 1 2150
11 10 2 2990
12 10 2 2248
13 10 3 3473
14 10 2 3059
15 10 1 3426
16 10 2 4566
17 10 3 5565
18 10 3 4396
19 10 5 7373
20 10 2 5470
21 10 2 6202
22 10 4 8017
23 10 2 5645
24 10 3 8744
25 10 2 7649
26 10 2 6220
27 10 2 9448
28 10 4 15524
29 10 4 13779
30 10 3 10890
1 20 1 561
2 20 1 844
3 20 1 1031
4 20 2 1644
5 20 2 2267
6 20 2 2585
7 20 1 2701
8 20 3 3882
9 20 2 4367
10 20 3 5926
11 20 3 5306
12 20 3 7250
13 20 3 6548
14 20 4 7200
15 20 3 8560
16 20 4 9689
17 20 4 6849
18 20 3 13895
19 20 4 17314
20 20 4 10302
21 20 4 12198
22 20 3 15456
23 20 5 20057
24 20 4 16369
25 20 4 16886
26 20 5 26424
27 20 4 14659
28 20 4 17649
29 20 4 25331
30 20 4 17737
1 50 1 773
2 50 2 932
3 50 3 1179
4 50 3 1885
5 50 3 2490
6 50 3 2651
7 50 5 4256
8 50 5 6311
9 50 4 7261
10 50 4 8499
11 50 4 10918
12 50 5 11702
13 50 5 13074
14 50 5 13810
15 50 5 18952
16 50 6 23692
17 50 4 22020
18 50 4 17585
19 50 5 25425
20 50 7 33328
21 50 8 43282
22 50 6 36421
23 50 5 30302
24 50 8 40747
25 50 6 38815
26 50 6 44388
27 50 9 46210
28 50 6 43128
29 50 7 42628
30 50 10 68477
1 75 1 832
2 75 2 1101
3 75 1 1454
4 75 2 1930
5 75 3 2507
6 75 3 3240
7 75 3 5047
8 75 4 6451
9 75 5 9054
10 75 4 9208
11 75 3 8502
12 75 5 15730
13 75 6 14672
14 75 4 17814
15 75 4 18006
16 75 5 23099
17 75 6 25757
18 75 6 31516
19 75 6 27591
20 75 6 28449
21 75 8 43863
22 75 8 41937
23 75 8 34966
24 75 5 38759
25 75 7 35921
26 75 8 41899
27 75 9 37110
28 75 8 42220
29 75 7 30140
30 75 8 39132
1 100 1 837
2 100 2 1103
3 100 2 1423
4 100 2 1813
5 100 2 2159
6 100 4 3428
7 100 4 3954
8 100 4 4055
9 100 5 7219
10 100 4 5244
11 100 5 7382
12 100 4 9730
13 100 3 8332
14 100 4 11795
15 100 5 19634
16 100 6 19907
17 100 6 22480
18 100 7 19189
19 100 5 19829
20 100 5 25245
21 100 5 27116
22 100 5 26148
23 100 6 28170
24 100 9 27819
25 100 7 42675
26 100 8 34502
27 100 6 34144
28 100 7 35989
29 100 9 39652
30 100 8 40398
1 1000 1 2133
2 1000 2 2426
3 1000 2 2598
4 1000 3 3110
5 1000 2 3417
6 1000 4 4478
7 1000 2 4722
8 1000 4 6894
9 1000 5 7235
10 1000 5 8785
11 1000 4 18753
12 1000 4 11386
13 1000 6 12809
14 1000 6 13422
15 1000 5 22909
16 1000 6 24198
17 1000 6 21705
18 1000 7 25474
19 1000 5 31157
20 1000 8 30672
21 1000 7 26950
22 1000 9 28006
23 1000 7 30549
24 1000 7 35348
25 1000 6 27424
26 1000 8 43064
27 1000 5 40657
28 1000 6 49722
29 1000 6 27253
30 1000 7 66569
1 10 0 724
2 10 1 881
3 10 0 1024
4 10 2 1283
5 10 2 1757
6 10 3 2857
7 10 1 2517
8 10 3 2851
9 10 2 4137
10 10 2 2885
11 10 2 2933
12 10 1 3067
13 10 2 3632
14 10 2 4613
15 10 3 5388
16 10 2 5530
17 10 3 5736
18 10 3 6121
19 10 3 5614
20 10 1 5090
21 10 2 9132
22 10 2 6140
23 10 3 5377
24 10 3 6280
25 10 3 7733
26 10 4 17567
27 10 2 7270
28 10 4 10267
29 10 3 9366
30 10 3 8073
1 20 1 779
2 20 1 873
3 20 3 1257
4 20 2 1168
5 20 2 1489
6 20 2 1426
7 20 2 2104
8 20 3 3549
9 20 2 2366
10 20 1 2575
11 20 2 3274
12 20 2 3716
13 20 3 4754
14 20 4 21198
15 20 3 4627
16 20 4 7234
17 20 4 7992
18 20 3 7666
19 20 3 6936
20 20 4 9665
21 20 3 9046
22 20 5 18063
23 20 2 7995
24 20 7 14251
25 20 6 15224
26 20 5 14432
27 20 4 13421
28 20 6 20043
29 20 3 12018
30 20 4 14481
1 50 1 637
2 50 1 1081
3 50 2 1235
4 50 3 1867
5 50 2 2530
6 50 3 3156
7 50 3 4732
8 50 3 4359
9 50 5 10086
10 50 4 9351
11 50 6 9954
12 50 5 9409
13 50 5 10213
14 50 4 9870
15 50 4 12841
16 50 6 13946
17 50 5 15530
18 50 6 17293
19 50 6 18537
20 50 3 13680
21 50 7 22748
22 50 6 23901
23 50 5 22163
24 50 6 27516
25 50 8 29350
26 50 7 28972
27 50 5 26609
28 50 8 37481
29 50 7 31366
30 50 7 37612
1 75 1 1402
2 75 2 1094
3 75 2 1379
4 75 3 1830
5 75 4 3031
6 75 5 3636
7 75 4 5273
8 75 2 4541
9 75 4 5327
10 75 5 5797
11 75 5 8700
12 75 3 8473
13 75 6 10467
14 75 4 8275
15 75 7 17666
16 75 5 14325
17 75 8 16332
18 75 7 25866
19 75 6 20993
20 75 7 24845
21 75 8 22862
22 75 7 20388
23 75 6 23949
24 75 7 34291
25 75 5 26497
26 75 7 33117
27 75 7 49083
28 75 5 23661
29 75 8 33892
30 75 6 38727
1 100 1 772
2 100 2 859
3 100 2 1166
4 100 2 1535
5 100 2 2301
6 100 5 2592
7 100 2 2989
8 100 4 3958
9 100 3 4718
10 100 4 6276
11 100 4 9041
12 100 6 9307
13 100 3 7884
14 100 5 10260
15 100 5 12360
16 100 6 14723
17 100 6 14578
18 100 8 21966
19 100 6 19875
20 100 6 22924
21 100 6 21963
22 100 6 29977
23 100 8 34069
24 100 6 36186
25 100 6 28062
26 100 8 30854
27 100 7 38662
28 100 7 38796
29 100 8 37815
30 100 11 56378
1 1000 1 2530
2 1000 1 2650
3 1000 2 3113
4 1000 2 3615
5 1000 4 4415
6 1000 3 5377
7 1000 5 7675
8 1000 4 7102
9 1000 4 7912
10 1000 5 10640
11 1000 6 10780
12 1000 4 11538
13 1000 4 17621
14 1000 4 15150
15 1000 4 25584
16 1000 6 18249
17 1000 6 26226
18 1000 6 28626
19 1000 8 31395
20 1000 6 35319
21 1000 8 38872
22 1000 6 41627
23 1000 7 39569
24 1000 6 29773
25 1000 7 46231
26 1000 5 64545
27 1000 5 59979
28 1000 8 69617
29 1000 7 63150
30 1000 7 80338
1 10 0 754
2 10 0 877
3 10 1 1151
4 10 1 1464
5 10 2 1792
6 10 1 1968
7 10 2 9442
8 10 2 2814
9 10 2 4241
10 10 2 2762
11 10 2 4742
12 10 2 3881
13 10 2 3142
14 10 2 3258
15 10 2 3943
16 10 3 4176
17 10 3 4575
18 10 2 5605
19 10 2 5596
20 10 4 9279
21 10 4 7348
22 10 3 8892
23 10 2 6496
24 10 4 9095
25 10 2 7472
26 10 3 14024
27 10 2 16681
28 10 2 8152
29 10 4 10427
30 10 3 11100
1 20 0 517
2 20 1 653
3 20 2 965
4 20 2 1053
5 20 1 1220
6 20 3 1823
7 20 4 2579
8 20 2 2141
9 20 2 2423
10 20 2 2801
11 20 4 4128
12 20 2 4374
13 20 2 3992
14 20 2 4041
15 20 4 5639
16 20 5 9589
17 20 4 9766
18 20 4 7518
19 20 4 10588
20 20 3 6931
21 20 3 10526
22 20 2 7662
23 20 3 11030
24 20 3 11523
25 20 5 13225
26 20 5 12641
27 20 4 12477
28 20 7 16392
29 20 4 14830
30 20 5 17457
1 50 1 575
2 50 2 784
3 50 2 1127
4 50 3 1564
5 50 3 2067
6 50 5 2355
7 50 4 4131
8 50 5 5032
9 50 4 5761
10 50 6 9597
11 50 4 8337
12 50 4 6665
13 50 4 9653
14 50 5 12235
15 50 5 11300
16 50 5 13380
17 50 7 16471
18 50 5 18797
19 50 4 25046
20 50 7 21873
21 50 4 16851
22 50 7 24797
23 50 6 26282
24 50 6 26660
25 50 8 25878
26 50 7 30260
27 50 7 30114
28 50 7 30476
29 50 7 31749
30 50 7 35113
1 75 1 721
2 75 2 1091
3 75 3 1428
4 75 3 1438
5 75 4 2039
6 75 3 2531
7 75 3 3636
8 75 5 5868
9 75 4 5601
10 75 6 6995
11 75 5 8608
12 75 3 7244
13 75 5 11122
14 75 5 13605
15 75 5 13381
16 75 5 12821
17 75 6 17197
18 75 5 16279
19 75 6 19067
20 75 5 18679
21 75 6 14823
22 75 6 24514
23 75 5 22990
24 75 9 25670
25 75 9 31711
26 75 9 30808
27 75 7 42008
28 75 8 52871
29 75 7 45048
30 75 8 45887
1 100 1 704
2 100 2 956
3 100 2 1129
4 100 3 1728
5 100 3 1827
6 100 3 2750
7 100 2 2658
8 100 4 4330
9 100 5 5189
10 100 5 7308
11 100 6 7361
12 100 5 9615
13 100 5 9314
14 100 6 15421
15 100 6 14615
16 100 5 12337
17 100 5 14997
18 100 6 18618
19 100 5 19335
20 100 4 16862
21 100 5 19503
22 100 7 24978
23 100 8 30549
24 100 7 43184
25 100 8 31553
26 100 8 33204
27 100 9 37336
28 100 5 40136
29 100 6 32336
30 100 9 46440
1 1000 1 2203
2 1000 1 2627
3 1000 2 2689
4 1000 2 3416
5 1000 3 4170
6 1000 3 4589
7 1000 4 5509
8 1000 4 6627
9 1000 3 6773
10 1000 5 10118
11 1000 4 9783
12 1000 6 11411
13 1000 6 14093
14 1000 6 15305
15 1000 5 14359
16 1000 7 17251
17 1000 6 17504
18 1000 6 19380
19 1000 4 18467
20 1000 7 24911
21 1000 7 23901
22 1000 6 24975
23 1000 7 24919
24 1000 7 28537
25 1000 7 31579
26 1000 8 34462
27 1000 7 32131
28 1000 8 37853
29 1000 9 37451
30 1000 6 36106
1 10 0 473
2 10 1 653
3 10 1 859
4 10 1 1072
5 10 1 1180
6 10 1 1225
7 10 2 1876
8 10 1 1763
9 10 1 1917
10 10 1 2048
11 10 1 2306
12 10 2 3839
13 10 2 4096
14 10 3 5051
15 10 3 4621
16 10 3 8095
17 10 1 5844
18 10 3 6917
19 10 3 6755
20 10 1 7039
21 10 1 7105
22 10 3 9966
23 10 3 8119
24 10 3 6814
25 10 3 6269
26 10 3 9525
27 10 4 9094
28 10 4 12303
29 10 4 15138
30 10 2 8895
1 20 1 498
2 20 2 696
3 20 1 924
4 20 2 1271
5 20 2 1566
6 20 2 1754
7 20 2 2019
8 20 3 3142
9 20 3 2951
10 20 2 3036
11 20 3 3460
12 20 1 3921
13 20 2 3762
14 20 4 6348
15 20 2 5807
16 20 3 5189
17 20 3 6773
18 20 3 7568
19 20 5 9323
20 20 2 6907
21 20 7 14450
22 20 3 11020
23 20 4 9621
24 20 3 15755
25 20 6 21752
26 20 7 15122
27 20 6 17576
28 20 4 11800
29 20 3 11925
30 20 6 18959
1 50 1 600
2 50 2 996
3 50 3 1051
4 50 2 1313
5 50 3 1729
6 50 2 2204
7 50 3 2635
8 50 3 3841
9 50 3 5811
10 50 4 5282
11 50 4 8113
12 50 4 7409
13 50 5 7827
14 50 8 10642
15 50 4 9986
16 50 5 14347
17 50 5 16722
18 50 5 13985
19 50 5 14132
20 50 5 19208
21 50 6 20391
22 50 5 19555
23 50 8 29146
24 50 6 22377
25 50 9 31233
26 50 5 21706
27 50 6 30077
28 50 7 30995
29 50 8 34210
30 50 10 37766
1 75 1 694
2 75 2 1026
3 75 2 1154
4 75 3 1688
5 75 2 1827
6 75 3 2236
7 75 4 3220
8 75 4 3746
9 75 5 5394
10 75 8 8210
11 75 4 7195
12 75 4 7841
13 75 4 10940
14 75 5 13883
15 75 6 15997
16 75 4 11474
17 75 7 17775
18 75 6 18475
19 75 5 16526
20 75 6 20343
21 75 7 27004
22 75 6 25319
23 75 9 28074
24 75 8 29347
25 75 9 34489
26 75 7 48293
27 75 7 34421
28 75 6 31358
29 75 9 40259
30 75 7 40352
1 100 1 812
2 100 1 1109
3 100 1 1297
4 100 2 1856
5 100 2 2127
6 100 3 2912
7 100 4 3671
8 100 3 4306
9 100 3 4993
10 100 5 7152
11 100 5 7754
12 100 6 9883
13 100 5 11214
14 100 5 11915
15 100 6 15066
16 100 5 27859
17 100 9 22028
18 100 6 19745
19 100 5 19033
20 100 7 21751
21 100 7 28749
22 100 7 22495
23 100 6 39470
24 100 5 24054
25 100 7 48116
26 100 7 34885
27 100 7 47241
28 100 8 31919
29 100 8 45324
30 100 9 37620
1 1000 1 2175
2 1000 1 2394
3 1000 2 2671
4 1000 3 3112
5 1000 3 3593
6 1000 4 4608
7 1000 4 4873
8 1000 5 6139
9 1000 4 6739
10 1000 4 7621
11 1000 4 7887
12 1000 5 21900
13 1000 4 10427
14 1000 6 11325
15 1000 7 19320
16 1000 4 14407
17 1000 4 16188
18 1000 6 18849
19 1000 5 19187
20 1000 5 18977
21 1000 6 25114
22 1000 7 33085
23 1000 7 32334
24 1000 6 27582
25 1000 5 31934
26 1000 5 26764
27 1000 6 38569
28 1000 8 41137
29 1000 7 51410
30 1000 12 51607
1 10 1 470
2 10 1 657
3 10 1 834
4 10 2 1238
5 10 0 1083
6 10 2 1517
7 10 1 1754
8 10 2 1968
9 10 3 2111
10 10 2 2380
11 10 1 2441
12 10 1 3137
13 10 2 3741
14 10 2 4176
15 10 1 4010
16 10 2 4112
17 10 2 4268
18 10 2 5837
19 10 3 7437
20 10 2 5983
21 10 4 7458
22 10 4 7740
23 10 4 7953
24 10 4 9535
25 10 2 7863
26 10 5 9339
27 10 3 9737
28 10 2 7838
29 10 3 9851
30 10 3 9993
1 20 0 661
2 20 1 840
3 20 2 1149
4 20 2 1094
5 20 1 1337
6 20 3 1702
7 20 2 2380
8 20 2 2443
9 20 2 2671
10 20 1 2596
11 20 2 3658
12 20 4 5420
13 20 3 6024
14 20 3 5662
15 20 3 7002
16 20 3 5455
17 20 5 9062
18 20 3 7833
19 20 5 10411
20 20 2 7373
21 20 4 9010
22 20 3 10597
23 20 5 11667
24 20 4 10059
25 20 5 13636
26 20 4 14052
27 20 7 17345
28 20 6 19181
29 20 8 21536
30 20 5 15042
1 50 1 569
2 50 1 918
3 50 2 1073
4 50 2 1513
5 50 2 2129
6 50 4 3352
7 50 4 3310
8 50 4 3514
9 50 4 5499
10 50 4 6354
11 50 5 7780
12 50 5 10615
13 50 7 13450
14 50 4 9831
15 50 6 13610
16 50 6 13772
17 50 4 12992
18 50 5 14736
19 50 5 18979
20 50 4 17969
21 50 5 21280
22 50 6 26201
23 50 6 23671
24 50 5 27241
25 50 5 19325
26 50 9 32985
27 50 7 33226
28 50 8 35326
29 50 6 48897
30 50 6 44387
1 75 1 857
2 75 1 1004
3 75 2 1683
4 75 2 1518
5 75 2 1700
6 75 3 2399
7 75 3 2990
8 75 6 4943
9 75 4 6485
10 75 5 6067
11 75 3 6232
12 75 6 9431
13 75 4 8223
14 75 6 8877
15 75 6 11710
16 75 7 13664
17 75 5 13568
18 75 7 15090
19 75 6 17560
20 75 5 16862
21 75 9 24539
22 75 5 18337
23 75 6 28167
24 75 8 28754
25 75 7 26854
26 75 7 29030
27 75 9 40784
28 75 7 33930
29 75 8 39428
30 75 7 45790
1 100 1 762
2 100 2 801
3 100 2 1140
4 100 2 1436
5 100 2 1642
6 100 4 3187
7 100 5 3639
8 100 4 4360
9 100 3 4391
10 100 4 5998
11 100 5 11297
12 100 4 10297
13 100 5 9645
14 100 5 9678
15 100 6 13415
16 100 6 12701
17 100 4 11916
18 100 5 25821
19 100 7 23530
20 100 5 23488
21 100 7 19890
22 100 9 29551
23 100 9 33327
24 100 5 20865
25 100 7 26417
26 100 6 26890
27 100 7 37141
28 100 7 40230
29 100 7 33924
30 100 9 41010
1 1000 1 2587
2 1000 2 2611
3 1000 3 2968
4 1000 3 3173
5 1000 4 4006
6 1000 4 5179
7 1000 4 5108
8 1000 4 5954
9 1000 5 6860
10 1000 3 8146
11 1000 5 9462
12 1000 4 9815
13 1000 5 11306
14 1000 6 11887
15 1000 7 20483
16 1000 5 13657
17 1000 5 16109
18 1000 7 20335
19 1000 6 18117
20 1000 7 25905
21 1000 5 34942
22 1000 6 31250
23 1000 5 31349
24 1000 7 32623
25 1000 8 35892
26 1000 5 27633
27 1000 7 35986
28 1000 5 30383
29 1000 10 41747
30 1000 6 42778
1 10 1 580
2 10 2 671
3 10 0 771
4 10 2 1146
5 10 1 1425
6 10 1 1311
7 10 2 2201
8 10 2 2460
9 10 1 2100
10 10 2 2681
11 10 3 3300
12 10 2 3150
13 10 2 4360
14 10 3 4414
15 10 3 5915
16 10 3 5558
17 10 2 4216
18 10 4 5751
19 10 3 5480
20 10 3 6870
21 10 4 5964
22 10 3 8023
23 10 1 5487
24 10 4 8685
25 10 3 8835
26 10 1 5977
27 10 3 9508
28 10 4 12050
29 10 4 10518
30 10 3 9266
1 20 0 554
2 20 1 982
3 20 2 1051
4 20 2 1095
5 20 2 1435
6 20 3 2067
7 20 1 1685
8 20 2 2483
9 20 4 4802
10 20 2 4890
11 20 3 4274
12 20 5 6360
13 20 4 6811
14 20 5 6599
15 20 4 6241
16 20 3 5819
17 20 7 10456
18 20 3 8384
19 20 3 7176
20 20 4 9812
21 20 3 9547
22 20 5 12660
23 20 2 10206
24 20 5 14896
25 20 4 12016
26 20 5 15262
27 20 4 13466
28 20 4 14433
29 20 5 14154
30 20 4 12853
1 50 1 662
2 50 2 1169
3 50 2 1523
4 50 3 2133
5 50 3 2663
6 50 4 2893
7 50 5 3569
8 50 3 3832
9 50 3 5869
10 50 2 6085
11 50 5 7412
12 50 5 10693
13 50 4 7883
14 50 5 12391
15 50 6 13680
16 50 6 14400
17 50 5 13424
18 50 5 20410
19 50 5 17003
20 50 4 17538
21 50 4 21057
22 50 6 25386
23 50 6 21181
24 50 6 28420
25 50 6 30294
26 50 9 30010
27 50 9 34338
28 50 6 30423
29 50 5 27068
30 50 7 34831
1 75 1 700
2 75 2 1194
3 75 2 1332
4 75 2 1950
5 75 3 2876
6 75 4 3257
7 75 4 4516
8 75 6 5033
9 75 4 12470
10 75 4 5900
11 75 3 7319
12 75 4 8199
13 75 6 20314
14 75 5 11580
15 75 5 15104
16 75 7 20473
17 75 7 15860
18 75 6 15465
19 75 6 26658
20 75 5 19871
21 75 6 19771
22 75 6 31885
23 75 5 28316
24 75 6 25018
25 75 9 36147
26 75 7 37835
27 75 8 33517
28 75 8 31558
29 75 7 30934
30 75 7 38390
1 100 1 729
2 100 2 1166
3 100 1 1089
4 100 2 1748
5 100 3 1733
6 100 3 2636
7 100 3 3015
8 100 6 4937
9 100 5 5372
10 100 4 5590
11 100 5 7123
12 100 6 11398
13 100 6 11471
14 100 5 11793
15 100 5 14848
16 100 6 17447
17 100 6 18222
18 100 5 21112
19 100 7 21627
20 100 7 21205
21 100 7 21265
22 100 5 22020
23 100 8 30216
24 100 6 21965
25 100 10 37745
26 100 8 34062
27 100 6 32695
28 100 6 30881
29 100 9 37898
30 100 5 27827
1 1000 1 2176
2 1000 2 2377
3 1000 2 2957
4 1000 3 3244
5 1000 4 13200
6 1000 3 4516
7 1000 3 5286
8 1000 4 6021
9 1000 4 6816
10 1000 5 9996
11 1000 3 7435
12 1000 5 11707
13 1000 6 15795
14 1000 5 12192
15 1000 6 16143
16 1000 5 16302
17 1000 6 14212
18 1000 6 16795
19 1000 5 18843
20 1000 6 21417
21 1000 5 20754
22 1000 7 21634
23 1000 7 25945
24 1000 6 29845
25 1000 7 30694
26 1000 8 35962
27 1000 5 29081
28 1000 8 34101
29 1000 7 37356
30 1000 6 39641
1 10 0 754
2 10 1 855
3 10 1 813
4 10 1 1352
5 10 1 1225
6 10 2 2012
7 10 2 2531
8 10 2 2018
9 10 1 2269
10 10 3 3179
11 10 2 2389
12 10 2 3015
13 10 2 3293
14 10 1 3063
15 10 3 3949
16 10 2 4457
17 10 2 5190
18 10 1 3727
19 10 3 6136
20 10 2 5155
21 10 4 10429
22 10 4 7001
23 10 2 7808
24 10 3 8666
25 10 3 7697
26 10 2 7864
27 10 3 8418
28 10 4 9782
29 10 2 7316
30 10 4 10202
1 20 1 595
2 20 0 895
3 20 1 1345
4 20 2 1618
5 20 2 1826
6 20 2 2814
7 20 1 2251
8 20 3 3208
9 20 3 3223
10 20 3 4199
11 20 4 5309
12 20 4 5909
13 20 2 4856
14 20 2 5848
15 20 4 6598
16 20 2 5159
17 20 4 6862
18 20 3 9288
19 20 5 10908
20 20 5 11983
21 20 5 11531
22 20 4 11874
23 20 3 9414
24 20 7 14513
25 20 5 13044
26 20 3 12980
27 20 4 13315
28 20 4 14930
29 20 7 19119
30 20 4 11604
1 50 1 635
2 50 2 971
3 50 2 1463
4 50 3 1988
5 50 2 2283
6 50 3 2780
7 50 3 4227
8 50 3 4846
9 50 3 4767
10 50 4 6047
11 50 4 5112
12 50 5 11151
13 50 5 11382
14 50 5 11587
15 50 5 14480
16 50 6 17508
17 50 6 15305
18 50 6 18623
19 50 6 19419
20 50 5 17167
21 50 6 20739
22 50 6 17551
23 50 6 19735
24 50 6 25427
25 50 7 19212
26 50 7 28952
27 50 6 33154
28 50 7 31082
29 50 7 39675
30 50 7 34951
1 75 1 762
2 75 2 1231
3 75 3 1697
4 75 3 1970
5 75 4 2827
6 75 3 3086
7 75 5 4019
8 75 4 4232
9 75 3 4946
10 75 5 5679
11 75 4 7993
12 75 6 9204
13 75 4 9167
14 75 6 11763
15 75 5 12612
16 75 7 13287
17 75 6 19219
18 75 6 18540
19 75 5 18563
20 75 7 26737
21 75 5 21418
22 75 7 18037
23 75 6 25893
24 75 7 29616
25 75 8 28060
26 75 8 39486
27 75 5 31633
28 75 6 35936
29 75 8 38751
30 75 7 43272
1 100 1 827
2 100 2 1190
3 100 1 1362
4 100 3 2099
5 100 3 2452
6 100 5 2680
7 100 5 3532
8 100 4 3943
9 100 5 7268
10 100 7 7467
11 100 5 9081
12 100 5 11162
13 100 6 12552
14 100 4 7765
15 100 6 15684
16 100 5 14604
17 100 6 17014
18 100 7 21029
19 100 6 19318
20 100 8 25981
21 100 7 22817
22 100 9 28849
23 100 7 29132
24 100 7 32077
25 100 6 26173
26 100 6 24664
27 100 8 30832
28 100 7 38936
29 100 7 39138
30 100 8 42889
1 1000 1 2495
2 1000 2 2437
3 1000 1 2632
4 1000 2 2972
5 1000 2 3361
6 1000 4 4412
7 1000 5 5095
8 1000 3 5880
9 1000 4 5673
10 1000 4 7544
11 1000 5 10176
12 1000 4 8889
13 1000 4 10647
14 1000 6 12267
15 1000 6 13865
16 1000 5 13992
17 1000 6 19136
18 1000 6 21754
19 1000 5 20950
20 1000 8 25576
21 1000 8 28832
22 1000 7 27374
23 1000 5 29627
24 1000 7 26409
25 1000 6 24742
26 1000 8 36494
27 1000 7 32068
28 1000 8 35871
29 1000 8 43475
30 1000 10 81140
1 10 0 740
2 10 0 781
3 10 0 933
4 10 0 1141
5 10 2 1660
6 10 2 1804
7 10 1 2121
8 10 0 2206
9 10 1 2807
10 10 1 2883
11 10 2 4322
12 10 1 4125
13 10 2 4339
14 10 3 5456
15 10 2 6867
16 10 3 7909
17 10 2 7521
18 10 3 6311
19 10 4 9191
20 10 2 6027
21 10 1 5626
22 10 1 5067
23 10 2 5806
24 10 3 6685
25 10 3 7234
26 10 2 6908
27 10 4 9471
28 10 4 10314
29 10 2 9287
30 10 3 9840
1 20 1 508
2 20 1 656
3 20 1 830
4 20 2 1230
5 20 1 1133
6 20 1 1643
7 20 1 1727
8 20 1 2697
9 20 2 4123
10 20 3 4643
11 20 3 5367
12 20 4 4247
13 20 2 4912
14 20 4 7816
15 20 3 6011
16 20 4 7110
17 20 4 9706
18 20 2 6825
19 20 5 9866
20 20 4 7340
21 20 3 9124
22 20 4 13779
23 20 3 18276
24 20 6 19247
25 20 3 16550
26 20 5 13368
27 20 6 15009
28 20 7 16317
29 20 6 18903
30 20 3 14123
1 50 1 584
2 50 1 865
3 50 3 1368
4 50 2 1935
5 50 3 2728
6 50 2 2523
7 50 4 4130
8 50 4 5908
9 50 6 5940
10 50 4 5833
11 50 5 7946
12 50 6 10880
13 50 4 7137
14 50 7 11176
15 50 5 14628
16 50 5 13512
17 50 3 12681
18 50 5 17960
19 50 4 16167
20 50 6 22542
21 50 5 20776
22 50 5 19054
23 50 6 21802
24 50 8 25158
25 50 6 28664
26 50 8 38489
27 50 8 34359
28 50 8 36889
29 50 10 32123
30 50 7 35823
1 75 1 672
2 75 2 1060
3 75 1 1092
4 75 3 1395
5 75 2 1956
6 75 3 2761
7 75 2 3217
8 75 4 4797
9 75 5 7687
10 75 6 8973
11 75 4 8737
12 75 6 10763
13 75 3 8790
14 75 5 10082
15 75 4 11211
16 75 6 16149
17 75 5 16952
18 75 5 17914
19 75 8 20195
20 75 5 17855
21 75 6 20570
22 75 5 21345
23 75 6 26078
24 75 7 27299
25 75 6 22946
26 75 5 34204
27 75 8 38279
28 75 7 32886
29 75 7 33775
30 75 11 43806
1 100 1 631
2 100 2 1036
3 100 2 1154
4 100 3 1898
5 100 2 2486
6 100 3 3005
7 100 4 3792
8 100 4 5799
9 100 4 4777
10 100 5 7290
11 100 4 6653
12 100 6 8196
13 100 6 11724
14 100 8 13760
15 100 7 17071
16 100 4 12467
17 100 5 15113
18 100 5 17101
19 100 5 19703
20 100 8 20339
21 100 7 21995
22 100 6 29475
23 100 6 21969
24 100 7 30987
25 100 7 38767
26 100 6 38381
27 100 8 34139
28 100 7 36750
29 100 7 38268
30 100 7 34204
1 1000 1 2133
2 1000 2 2393
3 1000 3 2808
4 1000 3 3055
5 1000 3 3518
6 1000 2 3922
7 1000 4 5377
8 1000 4 5264
9 1000 4 7210
10 1000 6 8700
11 1000 5 9805
12 1000 3 9043
13 1000 5 9153
14 1000 6 14060
15 1000 7 18688
16 1000 5 15624
17 1000 6 14470
18 1000 5 19799
19 1000 4 16220
20 1000 8 26844
21 1000 7 22988
22 1000 8 38406
23 1000 5 25604
24 1000 6 29427
25 1000 6 32534
26 1000 7 39584
27 1000 9 50204
28 1000 7 46300
29 1000 6 49080
30 1000 7 41289
1 10 0 499
2 10 0 641
3 10 1 874
4 10 1 1107
5 10 2 1228
6 10 1 1238
7 10 3 2294
8 10 2 2348
9 10 3 2702
10 10 1 2401
11 10 2 2585
12 10 2 3301
13 10 4 4245
14 10 5 4689
15 10 2 5299
16 10 1 6648
17 10 2 5884
18 10 4 9253
19 10 1 5948
20 10 2 10996
21 10 3 7738
22 10 2 7491
23 10 3 10219
24 10 4 8231
25 10 4 12340
26 10 1 9162
27 10 2 12120
28 10 4 14330
29 10 2 12887
30 10 4 14003
1 20 1 686
2 20 1 938
3 20 2 1163
4 20 2 1616
5 20 1 2041
6 20 1 2182
7 20 2 3220
8 20 2 3354
9 20 3 3669
10 20 3 4238
11 20 4 6762
12 20 2 5229
13 20 3 9629
14 20 3 5788
15 20 3 10367
16 20 3 8880
17 20 4 13821
18 20 6 19792
19 20 4 14571
20 20 3 13131
21 20 5 13408
22 20 5 18677
23 20 6 19247
24 20 6 21355
25 20 4 19238
26 20 4 18315
27 20 6 26224
28 20 5 24246
29 20 7 24676
30 20 6 32318
1 50 1 930
2 50 2 1089
3 50 2 1404
4 50 2 1923
5 50 2 2503
6 50 3 3562
7 50 3 4013
8 50 4 7917
9 50 4 9278
10 50 4 7125
11 50 6 10883
12 50 6 17438
13 50 6 15887
14 50 5 20105
15 50 6 26346
16 50 5 31658
17 50 6 25520
18 50 5 19879
19 50 7 27021
20 50 5 25240
21 50 7 38288
22 50 6 26776
23 50 6 37256
24 50 7 38760
25 50 5 35150
26 50 6 44344
27 50 6 46839
28 50 7 45941
29 50 9 48702
30 50 9 68627
1 75 1 1469
2 75 2 1316
3 75 3 1657
4 75 3 1828
5 75 2 2326
6 75 4 3424
7 75 4 4975
8 75 4 5872
9 75 4 5664
10 75 5 7603
11 75 5 11913
12 75 5 9615
13 75 3 10754
14 75 6 16123
15 75 4 14013
16 75 6 24889
17 75 5 25114
18 75 6 26688
19 75 6 32297
20 75 10 31497
21 75 6 32466
22 75 7 38377
23 75 6 39622
24 75 6 49526
25 75 6 36623
26 75 8 63144
27 75 7 41342
28 75 8 46739
29 75 7 55964
30 75 5 47471
1 100 1 985
2 100 2 1186
3 100 3 1582
4 100 3 2027
5 100 3 2498
6 100 3 3297
7 100 4 4844
8 100 4 5385
9 100 4 6930
10 100 3 7945
11 100 5 13523
12 100 5 13019
13 100 5 13737
14 100 8 24074
15 100 5 19394
16 100 5 20632
17 100 6 20669
18 100 5 45349
19 100 5 22741
20 100 7 43276
21 100 6 34164
22 100 6 41185
23 100 7 32556
24 100 7 55411
25 100 9 51857
26 100 5 45348
27 100 8 52048
28 100 6 53547
29 100 6 53219
30 100 5 53464
1 1000 1 2941
2 1000 1 3186
3 1000 2 3417
4 1000 4 4356
5 1000 5 4939
6 1000 5 5649
7 1000 4 6902
8 1000 3 8954
9 1000 3 8635
10 1000 3 9844
11 1000 5 13535
12 1000 6 17939
13 1000 4 18320
14 1000 8 21489
15 1000 5 20182
16 1000 5 23225
17 1000 6 30419
18 1000 5 39768
19 1000 5 30076
20 1000 7 34690
21 1000 5 34427
22 1000 5 35289
23 1000 8 45531
24 1000 7 60211
25 1000 5 52047
26 1000 6 49783
27 1000 8 58052
28 1000 6 54186
29 1000 7 68117
30 1000 8 62604