n r res t
1 10 0 235
2 10 0 189
3 10 1 296
4 10 0 489
5 10 2 796
6 10 2 1451
7 10 3 2787
8 10 1 4977
9 10 2 9974
10 10 1 18947
11 10 1 37817
12 10 2 75346
13 10 2 150428
14 10 2 299591
15 10 4 598322
16 10 2 1197739
17 10 3 2436067
18 10 2 4919951
19 10 4 9647085
20 10 3 19326975
21 10 3 38588513
22 10 3 77123561
23 10 3 154525653
24 10 3 309911218
25 10 3 623649565
26 10 5 1270078476
27 10 4 2484095942
28 10 3 4982712859
29 10 3 10001525067
30 10 4 20070395320
1 20 1 77
2 20 1 135
3 20 1 226
4 20 1 498
5 20 2 841
6 20 2 1950
7 20 2 3643
8 20 3 5985
9 20 4 10718
10 20 3 19389
11 20 2 38592
12 20 4 76673
13 20 4 151730
14 20 4 300239
15 20 3 601435
16 20 4 1207009
17 20 5 2403985
18 20 4 4904820
19 20 4 9698537
20 20 2 19406270
21 20 4 38888790
22 20 3 77626755
23 20 5 156390348
24 20 5 312471712
25 20 6 621834686
26 20 4 1243645389
27 20 3 2484862119
28 20 6 4976209715
29 20 5 10375699077
30 20 5 20178888000
1 50 1 84
2 50 2 134
3 50 2 262
4 50 3 483
5 50 3 999
6 50 3 1757
7 50 3 2889
8 50 4 5493
9 50 5 11430
10 50 5 21628
11 50 5 41002
12 50 3 77477
13 50 5 155772
14 50 5 304882
15 50 3 602965
16 50 3 1200450
17 50 5 2409649
18 50 4 4821115
19 50 7 9641283
20 50 6 19245393
21 50 5 38657708
22 50 5 77440256
23 50 6 153675718
24 50 5 310249319
25 50 6 624153336
26 50 9 1240468523
27 50 8 2483832630
28 50 9 4950586377
29 50 5 10008170566
30 50 7 19882714070
1 75 1 103
2 75 1 146
3 75 3 308
4 75 2 576
5 75 3 1008
6 75 3 1702
7 75 3 2871
8 75 5 5613
9 75 5 10479
10 75 4 20226
11 75 5 39822
12 75 5 78779
13 75 6 153583
14 75 5 306449
15 75 4 602634
16 75 6 1201480
17 75 7 2408067
18 75 6 4826325
19 75 7 9658247
20 75 6 20634549
21 75 7 38992770
22 75 6 77266320
23 75 9 155101481
24 75 6 309385760
25 75 7 618859834
26 75 8 1236510786
27 75 8 2536007847
28 75 6 4988681222
29 75 8 10187630738
30 75 7 20122011903
1 100 1 122
2 100 2 158
3 100 2 329
4 100 3 549
5 100 3 1037
6 100 3 2041
7 100 4 4236
8 100 6 8039
9 100 4 15156
10 100 3 31070
11 100 5 42493
12 100 7 84297
13 100 3 157976
14 100 6 306248
15 100 4 606959
16 100 6 1402846
17 100 6 2911211
18 100 5 8149024
19 100 7 10257628
20 100 5 19465247
21 100 8 39315449
22 100 7 78189980
23 100 8 156340056
24 100 5 326714179
25 100 7 618576600
26 100 7 1230835073
27 100 8 2521299366
28 100 8 5044471326
29 100 7 10090799000
30 100 7 20006118062
1 1000 1 108
2 1000 2 134
3 1000 2 313
4 1000 3 428
5 1000 3 1014
6 1000 4 1659
7 1000 3 3021
8 1000 4 5438
9 1000 5 10702
10 1000 3 20067
11 1000 5 39465
12 1000 5 78666
13 1000 4 152294
14 1000 6 309291
15 1000 5 602953
16 1000 6 1206981
17 1000 5 2415954
18 1000 7 4817657
19 1000 6 9661129
20 1000 6 19296832
21 1000 6 38573658
22 1000 6 77027126
23 1000 6 154078679
24 1000 10 309033856
25 1000 7 631398891
26 1000 6 1238901523
27 1000 7 2506980368
28 1000 7 4981154951
29 1000 9 9949346476
30 1000 6 19810385031
1 10 1 91
2 10 0 124
3 10 2 280
4 10 1 500
5 10 0 693
6 10 1 1389
7 10 2 2655
8 10 1 5015
9 10 2 9697
10 10 1 18921
11 10 2 37803
12 10 2 75135
13 10 3 150169
14 10 2 301232
15 10 1 598181
16 10 2 1207556
17 10 3 2399411
18 10 3 4806202
19 10 5 9616673
20 10 2 19233177
21 10 2 38469730
22 10 4 76936107
23 10 2 153926458
24 10 3 310423537
25 10 2 636919538
26 10 2 1252193483
27 10 2 2472719470
28 10 4 5045884041
29 10 4 10155916763
30 10 3 20439461468
1 20 1 89
2 20 1 141
3 20 1 285
4 20 2 493
5 20 2 819
6 20 2 2080
7 20 1 3269
8 20 3 7939
9 20 2 9870
10 20 3 24061
11 20 3 38145
12 20 3 80315
13 20 3 151167
14 20 4 309727
15 20 3 599292
16 20 4 1359096
17 20 4 2464321
18 20 3 4802061
19 20 4 9659803
20 20 4 19238495
21 20 4 38769021
22 20 3 79018699
23 20 5 156465005
24 20 4 313025308
25 20 4 625633922
26 20 5 1242272960
27 20 4 2479235181
28 20 4 4953147034
29 20 4 9950792561
30 20 4 19811059477
1 50 1 106
2 50 2 134
3 50 3 217
4 50 3 562
5 50 3 915
6 50 3 1714
7 50 5 3101
8 50 5 5895
9 50 4 10385
10 50 4 19872
11 50 4 38994
12 50 5 78126
13 50 5 154701
14 50 5 302833
15 50 5 601988
16 50 6 1212840
17 50 4 2401514
18 50 4 4823620
19 50 5 9641262
20 50 7 19279688
21 50 8 38558393
22 50 6 77455347
23 50 5 154362030
24 50 8 309777394
25 50 6 616980866
26 50 6 1282485394
27 50 9 2500838518
28 50 6 5124064375
29 50 7 10028614783
30 50 10 19818001005
1 75 1 117
2 75 2 152
3 75 1 302
4 75 2 512
5 75 3 902
6 75 3 1711
7 75 3 2978
8 75 4 5543
9 75 5 10312
10 75 4 20199
11 75 3 38445
12 75 5 78282
13 75 6 153192
14 75 4 303710
15 75 4 603777
16 75 5 1202080
17 75 6 2405241
18 75 6 4840878
19 75 6 9649013
20 75 6 19272309
21 75 8 38576489
22 75 8 77130422
23 75 8 154458530
24 75 5 308032031
25 75 7 615237005
26 75 8 1229675383
27 75 9 2460466584
28 75 8 4929503690
29 75 7 9913399586
30 75 8 19763919096
1 100 1 117
2 100 2 168
3 100 2 328
4 100 2 538
5 100 2 817
6 100 4 1663
7 100 4 3089
8 100 4 5824
9 100 5 10870
10 100 4 19964
11 100 5 39225
12 100 4 77688
13 100 3 151606
14 100 4 301870
15 100 5 604429
16 100 6 1206978
17 100 6 2422729
18 100 7 4848655
19 100 5 9641765
20 100 5 19272090
21 100 5 38497498
22 100 5 77045316
23 100 6 154356820
24 100 9 308152591
25 100 7 617035275
26 100 8 1233366886
27 100 6 2465709800
28 100 7 4944978334
29 100 9 9871273112
30 100 8 19758083954
1 1000 1 89
2 1000 2 113
3 1000 2 294
4 1000 3 584
5 1000 2 881
6 1000 4 2137
7 1000 2 3709
8 1000 4 8534
9 1000 5 10741
10 1000 5 20448
11 1000 4 39589
12 1000 4 81957
13 1000 6 155946
14 1000 6 309275
15 1000 5 618518
16 1000 6 1208145
17 1000 6 2429348
18 1000 7 4819275
19 1000 5 9655527
20 1000 8 19273222
21 1000 7 38551161
22 1000 9 77162556
23 1000 7 154396296
24 1000 7 308788384
25 1000 6 617677417
26 1000 8 1238057582
27 1000 5 2469678951
28 1000 6 4944602753
29 1000 6 9864012731
30 1000 7 19751451952
1 10 0 113
2 10 1 135
3 10 0 199
4 10 2 492
5 10 2 881
6 10 3 1421
7 10 1 3629
8 10 3 7154
9 10 2 9876
10 10 2 19099
11 10 2 39383
12 10 1 75270
13 10 2 150071
14 10 2 299609
15 10 3 597896
16 10 2 1211764
17 10 3 2398679
18 10 3 4826877
19 10 3 9616346
20 10 1 19244466
21 10 2 38515535
22 10 2 76995244
23 10 3 154692556
24 10 3 308076227
25 10 3 616625986
26 10 4 1232966691
27 10 2 2467354510
28 10 4 4944232291
29 10 3 9901735284
30 10 3 19738157955
1 20 1 99
2 20 1 157
3 20 3 227
4 20 2 445
5 20 2 896
6 20 2 1340
7 20 2 2714
8 20 3 5286
9 20 2 9764
10 20 1 19078
11 20 2 37854
12 20 2 75556
13 20 3 150290
14 20 4 314222
15 20 3 598311
16 20 4 1199237
17 20 4 2400300
18 20 3 4795723
19 20 3 9591495
20 20 4 19194649
21 20 3 38400688
22 20 5 76789815
23 20 2 153852580
24 20 7 307727097
25 20 6 616395174
26 20 5 1270008848
27 20 4 2469861552
28 20 6 4931695152
29 20 3 9868565727
30 20 4 19767221360
1 50 1 88
2 50 1 154
3 50 2 295
4 50 3 498
5 50 2 822
6 50 3 1698
7 50 3 2950
8 50 3 5495
9 50 5 10694
10 50 4 20002
11 50 6 40270
12 50 5 77840
13 50 5 152169
14 50 4 302141
15 50 4 612446
16 50 6 1204301
17 50 5 2404781
18 50 6 4825007
19 50 6 10056912
20 50 3 19189305
21 50 7 38436398
22 50 6 76794933
23 50 5 153901893
24 50 6 308357530
25 50 8 618234117
26 50 7 1230397965
27 50 5 2468759581
28 50 8 4949207041
29 50 7 9868435536
30 50 7 19734691589
1 75 1 119
2 75 2 137
3 75 2 351
4 75 3 727
5 75 4 1044
6 75 5 1667
7 75 4 3188
8 75 2 5633
9 75 4 10495
10 75 5 20077
11 75 5 44347
12 75 3 77285
13 75 6 157153
14 75 4 345332
15 75 7 620594
16 75 5 1215767
17 75 8 2423849
18 75 7 4879381
19 75 6 9646469
20 75 7 19307224
21 75 8 38767968
22 75 7 77463770
23 75 6 154756813
24 75 7 309094188
25 75 5 617267322
26 75 7 1236247726
27 75 7 2469682766
28 75 5 4943034606
29 75 8 9889806440
30 75 6 19793436624
1 100 1 107
2 100 2 179
3 100 2 322
4 100 2 728
5 100 2 1175
6 100 5 2071
7 100 2 2942
8 100 4 5539
9 100 3 16413
10 100 4 20839
11 100 4 42421
12 100 6 83521
13 100 3 151911
14 100 5 303893
15 100 5 601194
16 100 6 1205227
17 100 6 2421914
18 100 8 4863344
19 100 6 9637120
20 100 6 19284838
21 100 6 38643151
22 100 6 77121730
23 100 8 156211669
24 100 6 311273165
25 100 6 620129033
26 100 8 1240178481
27 100 7 2473430111
28 100 7 4942853078
29 100 8 9907192809
30 100 11 20422149853
1 1000 1 87
2 1000 1 146
3 1000 2 257
4 1000 2 535
5 1000 4 1030
6 1000 3 2299
7 1000 5 3772
8 1000 4 7414
9 1000 4 10504
10 1000 5 20165
11 1000 6 39847
12 1000 4 76706
13 1000 4 154013
14 1000 4 301969
15 1000 4 605571
16 1000 6 1214356
17 1000 6 2441034
18 1000 6 4843735
19 1000 8 9730897
20 1000 6 19399729
21 1000 8 38798234
22 1000 6 77279597
23 1000 7 157286701
24 1000 6 310423604
25 1000 7 637138983
26 1000 5 1251415438
27 1000 5 2495755551
28 1000 8 5010159764
29 1000 7 9970248797
30 1000 7 19939603567
1 10 0 83
2 10 0 125
3 10 1 274
4 10 1 404
5 10 2 791
6 10 1 1389
7 10 2 2612
8 10 2 4978
9 10 2 11503
10 10 2 18983
11 10 2 38225
12 10 2 75490
13 10 2 155343
14 10 2 299301
15 10 2 598039
16 10 3 1196862
17 10 3 2409745
18 10 2 4807947
19 10 2 9613921
20 10 4 19232641
21 10 4 38460595
22 10 3 76922419
23 10 2 154849012
24 10 4 308172415
25 10 2 614769149
26 10 3 1244655578
27 10 2 2474457396
28 10 2 4938013016
29 10 4 10120249352
30 10 3 19944631350
1 20 0 99
2 20 1 134
3 20 2 290
4 20 2 446
5 20 1 792
6 20 3 1580
7 20 4 3375
8 20 2 8047
9 20 2 11473
10 20 2 19269
11 20 4 44090
12 20 2 75758
13 20 2 155171
14 20 2 299541
15 20 4 603297
16 20 5 1201789
17 20 4 2404331
18 20 4 4820764
19 20 4 9605794
20 20 3 19246898
21 20 3 38466940
22 20 2 76895983
23 20 3 153653278
24 20 3 308596047
25 20 5 615734875
26 20 5 1229573885
27 20 4 2458683225
28 20 7 4949595981
29 20 4 9922193179
30 20 5 19683089541
1 50 1 102
2 50 2 151
3 50 2 326
4 50 3 522
5 50 3 1055
6 50 5 1520
7 50 4 2981
8 50 5 5477
9 50 4 10500
10 50 6 21087
11 50 4 39664
12 50 4 76970
13 50 4 152320
14 50 5 304109
15 50 5 602658
16 50 5 1205375
17 50 7 2410701
18 50 5 4807481
19 50 4 9603937
20 50 7 19213863
21 50 4 38405700
22 50 7 76816155
23 50 6 153833385
24 50 6 314678737
25 50 8 614718095
26 50 7 1228636163
27 50 7 2456906030
28 50 7 5002999658
29 50 7 10007575299
30 50 7 19989261723
1 75 1 104
2 75 2 140
3 75 3 250
4 75 3 525
5 75 4 1005
6 75 3 2258
7 75 3 3928
8 75 5 8643
9 75 4 10780
10 75 6 20625
11 75 5 39626
12 75 3 76328
13 75 5 154379
14 75 5 329796
15 75 5 604471
16 75 5 1224774
17 75 6 2419475
18 75 5 4852987
19 75 6 9647136
20 75 5 19802223
21 75 6 39072669
22 75 6 79983406
23 75 5 157200506
24 75 9 311890164
25 75 9 633697151
26 75 9 1271742327
27 75 7 2500171664
28 75 8 4985085358
29 75 7 9975232611
30 75 8 20003322301
1 100 1 116
2 100 2 169
3 100 2 337
4 100 3 572
5 100 3 993
6 100 3 2335
7 100 2 4299
8 100 4 7668
9 100 5 14887
10 100 5 20274
11 100 6 41764
12 100 5 82420
13 100 5 157612
14 100 6 312765
15 100 6 612337
16 100 5 1203905
17 100 5 2411423
18 100 6 4807684
19 100 5 9666266
20 100 4 19269047
21 100 5 38962200
22 100 7 86233593
23 100 8 154823490
24 100 7 311140306
25 100 8 618005345
26 100 8 1242386152
27 100 9 2463597421
28 100 5 4954729138
29 100 6 9903529142
30 100 9 20181455479
1 1000 1 113
2 1000 1 174
3 1000 2 292
4 1000 2 530
5 1000 3 775
6 1000 3 1643
7 1000 4 3119
8 1000 4 5814
9 1000 3 10489
10 1000 5 20988
11 1000 4 39866
12 1000 6 78508
13 1000 6 154500
14 1000 6 305292
15 1000 5 601534
16 1000 7 1208846
17 1000 6 2408790
18 1000 6 4838203
19 1000 4 9600017
20 1000 7 19262317
21 1000 7 38495223
22 1000 6 77776184
23 1000 7 154070549
24 1000 7 307383177
25 1000 7 614658239
26 1000 8 1231920305
27 1000 7 2504929665
28 1000 8 4973043929
29 1000 9 10066741920
30 1000 6 19852657623
1 10 0 80
2 10 1 152
3 10 1 254
4 10 1 519
5 10 1 752
6 10 1 1317
7 10 2 2519
8 10 1 4859
9 10 1 9539
10 10 1 18877
11 10 1 37686
12 10 2 75515
13 10 2 150126
14 10 3 299703
15 10 3 597723
16 10 3 1202599
17 10 1 2396904
18 10 3 4800147
19 10 3 9603673
20 10 1 19209329
21 10 1 38480757
22 10 3 77398988
23 10 3 156736487
24 10 3 308351328
25 10 3 618959746
26 10 3 1237461301
27 10 4 2475163232
28 10 4 4963884147
29 10 4 9985355124
30 10 2 19970384326
1 20 1 107
2 20 2 148
3 20 1 316
4 20 2 534
5 20 2 848
6 20 2 1542
7 20 2 2712
8 20 3 5238
9 20 3 10014
10 20 2 19251
11 20 3 38037
12 20 1 75555
13 20 2 150225
14 20 4 300225
15 20 2 598710
16 20 3 1197074
17 20 3 2399078
18 20 3 4795257
19 20 5 9613123
20 20 2 19198045
21 20 7 38387807
22 20 3 76767068
23 20 4 153565893
24 20 3 307078311
25 20 6 614519516
26 20 7 1228807503
27 20 6 2457913007
28 20 4 4920224767
29 20 3 9919757139
30 20 6 19839487215
1 50 1 85
2 50 2 153
3 50 3 232
4 50 2 520
5 50 3 892
6 50 2 1558
7 50 3 2896
8 50 3 5285
9 50 3 10383
10 50 4 19622
11 50 4 39279
12 50 4 77293
13 50 5 151881
14 50 8 304579
15 50 4 600789
16 50 5 1205299
17 50 5 2415148
18 50 5 4926036
19 50 5 9603909
20 50 5 19198911
21 50 6 38566924
22 50 5 76817459
23 50 8 153726215
24 50 6 307545584
25 50 9 617071691
26 50 5 1235497022
27 50 6 2476141357
28 50 7 4927984012
29 50 8 9878238539
30 50 10 19776883656
1 75 1 114
2 75 2 139
3 75 2 241
4 75 3 455
5 75 2 983
6 75 3 3869
7 75 4 5049
8 75 4 9241
9 75 5 11098
10 75 8 25658
11 75 4 43543
12 75 4 80768
13 75 4 156502
14 75 5 308512
15 75 6 609696
16 75 4 1205514
17 75 7 2420067
18 75 6 4834023
19 75 5 9606699
20 75 6 19229056
21 75 7 38412623
22 75 6 77172263
23 75 9 153755578
24 75 8 307935775
25 75 9 620064202
26 75 7 1234932336
27 75 7 2488171560
28 75 6 4983204760
29 75 9 9879312051
30 75 7 19894007087
1 100 1 83
2 100 1 153
3 100 1 296
4 100 2 533
5 100 2 1000
6 100 3 1524
7 100 4 4171
8 100 3 5471
9 100 3 10587
10 100 5 20601
11 100 5 39463
12 100 6 78771
13 100 5 154171
14 100 5 304647
15 100 6 605084
16 100 5 1204099
17 100 9 2442585
18 100 6 5040024
19 100 5 9620501
20 100 7 19245124
21 100 7 40083497
22 100 7 79188507
23 100 6 155997475
24 100 5 319084843
25 100 7 617363211
26 100 7 1254457098
27 100 7 2515019513
28 100 8 4963881889
29 100 8 10027820918
30 100 9 19900127045
1 1000 1 99
2 1000 1 129
3 1000 2 285
4 1000 3 564
5 1000 3 1031
6 1000 4 1731
7 1000 4 2730
8 1000 5 5696
9 1000 4 10447
10 1000 4 20069
11 1000 4 39129
12 1000 5 78642
13 1000 4 152331
14 1000 6 301800
15 1000 7 608812
16 1000 4 1201599
17 1000 4 2404031
18 1000 6 4807094
19 1000 5 9613295
20 1000 5 19199022
21 1000 6 38430599
22 1000 7 76974731
23 1000 7 156065800
24 1000 6 313267095
25 1000 5 616810595
26 1000 5 1234549047
27 1000 6 2483145062
28 1000 8 5021502390
29 1000 7 9861572460
30 1000 12 19668871985
1 10 1 134
2 10 1 131
3 10 1 247
4 10 2 473
5 10 0 696
6 10 2 1404
7 10 1 2567
8 10 2 4912
9 10 3 9755
10 10 2 18911
11 10 1 37781
12 10 1 77938
13 10 2 160925
14 10 2 299729
15 10 1 631630
16 10 2 1269641
17 10 2 2741967
18 10 2 6872897
19 10 3 10293906
20 10 2 20400274
21 10 4 38463884
22 10 4 77161428
23 10 4 155064553
24 10 4 311595217
25 10 2 623291029
26 10 5 1254862134
27 10 3 2538264024
28 10 2 5124742996
29 10 3 10098464940
30 10 3 20210244863
1 20 0 125
2 20 1 134
3 20 2 282
4 20 2 405
5 20 1 730
6 20 3 1767
7 20 2 3535
8 20 2 5757
9 20 2 10475
10 20 1 19110
11 20 2 41650
12 20 4 76529
13 20 3 151423
14 20 3 300090
15 20 3 600283
16 20 3 1210104
17 20 5 2406167
18 20 3 4825905
19 20 5 9922903
20 20 2 19293891
21 20 4 39608488
22 20 3 77585975
23 20 5 156161879
24 20 4 316832079
25 20 5 625592073
26 20 4 1239205530
27 20 7 2481239357
28 20 6 4946694635
29 20 8 9955506663
30 20 5 19923002343
1 50 1 75
2 50 1 166
3 50 2 248
4 50 2 575
5 50 2 978
6 50 4 1717
7 50 4 2877
8 50 4 5416
9 50 4 10257
10 50 4 20021
11 50 5 39413
12 50 5 78450
13 50 7 157214
14 50 4 302376
15 50 6 608631
16 50 6 1205537
17 50 4 2600234
18 50 5 4821954
19 50 5 9653703
20 50 4 19279283
21 50 5 38523021
22 50 6 77847233
23 50 6 154167569
24 50 5 308511695
25 50 5 617272889
26 50 9 1234607283
27 50 7 2470536073
28 50 8 4943161869
29 50 6 9923642043
30 50 6 20238790666
1 75 1 151
2 75 1 221
3 75 2 474
4 75 2 714
5 75 2 1409
6 75 3 2467
7 75 3 4610
8 75 6 9048
9 75 4 18384
10 75 5 34291
11 75 3 66745
12 75 6 104164
13 75 4 152770
14 75 6 309473
15 75 6 623017
16 75 7 1212512
17 75 5 2414184
18 75 7 5225327
19 75 6 12070158
20 75 5 22056520
21 75 9 38846830
22 75 5 77095381
23 75 6 162382319
24 75 8 310920923
25 75 7 629633916
26 75 7 1248725418
27 75 9 2514346044
28 75 7 5039403606
29 75 8 10219258829
30 75 7 20112482167
1 100 1 118
2 100 2 128
3 100 2 270
4 100 2 574
5 100 2 920
6 100 4 1679
7 100 5 2884
8 100 4 5332
9 100 3 10402
10 100 4 20346
11 100 5 39509
12 100 4 78327
13 100 5 154178
14 100 5 301753
15 100 6 608816
16 100 6 1203411
17 100 4 2620185
18 100 5 5018172
19 100 7 9652069
20 100 5 19868969
21 100 7 38934310
22 100 9 78086948
23 100 9 157711069
24 100 5 315833713
25 100 7 625991870
26 100 6 1249893574
27 100 7 2527956767
28 100 7 5011554718
29 100 7 9995360943
30 100 9 20073456884
1 1000 1 102
2 1000 2 174
3 1000 3 295
4 1000 3 553
5 1000 4 906
6 1000 4 1709
7 1000 4 3059
8 1000 4 5687
9 1000 5 10796
10 1000 3 20088
11 1000 5 40237
12 1000 4 77491
13 1000 5 153816
14 1000 6 306201
15 1000 7 611577
16 1000 5 1203479
17 1000 5 2429598
18 1000 7 4864779
19 1000 6 9636015
20 1000 7 19364460
21 1000 5 38599078
22 1000 6 77181656
23 1000 5 154433924
24 1000 7 310242226
25 1000 8 642876784
26 1000 5 1245069693
27 1000 7 2555994735
28 1000 5 4972681564
29 1000 10 9982429187
30 1000 6 20012978773
1 10 1 251
2 10 2 191
3 10 0 437
4 10 2 1013
5 10 1 1628
6 10 1 2716
7 10 2 5411
8 10 2 10832
9 10 1 20604
10 10 2 40749
11 10 3 80243
12 10 2 101922
13 10 2 150377
14 10 3 320689
15 10 3 598891
16 10 3 1197446
17 10 2 2401236
18 10 4 4820745
19 10 3 9898606
20 10 3 19257378
21 10 4 38479290
22 10 3 77177293
23 10 1 157866698
24 10 4 309581170
25 10 3 627855082
26 10 1 1247031627
27 10 3 2502948563
28 10 4 5007766105
29 10 4 9915273085
30 10 3 20064705929
1 20 0 95
2 20 1 161
3 20 2 233
4 20 2 576
5 20 2 862
6 20 3 1430
7 20 1 2624
8 20 2 5117
9 20 4 10079
10 20 2 19590
11 20 3 38244
12 20 5 76277
13 20 4 159543
14 20 5 316155
15 20 4 598849
16 20 3 1201206
17 20 7 2405896
18 20 3 4802779
19 20 3 9679423
20 20 4 19284431
21 20 3 38513894
22 20 5 77967818
23 20 2 158614154
24 20 5 315056142
25 20 4 650087570
26 20 5 1281250153
27 20 4 2503973893
28 20 4 4985570544
29 20 5 10000281491
30 20 4 20169908466
1 50 1 109
2 50 2 159
3 50 2 250
4 50 3 456
5 50 3 908
6 50 4 1668
7 50 5 3139
8 50 3 5483
9 50 3 10649
10 50 2 19860
11 50 5 39453
12 50 5 77925
13 50 4 152400
14 50 5 305426
15 50 6 603532
16 50 6 1204293
17 50 5 2403218
18 50 5 5295822
19 50 5 10137023
20 50 4 20167325
21 50 4 40404791
22 50 6 80389452
23 50 6 155017487
24 50 6 311289747
25 50 6 630512128
26 50 9 1260996635
27 50 9 2546367126
28 50 6 5017153743
29 50 5 9973803759
30 50 7 20257097236
1 75 1 121
2 75 2 156
3 75 2 326
4 75 2 583
5 75 3 877
6 75 4 1598
7 75 4 3098
8 75 6 5252
9 75 4 10620
10 75 4 19790
11 75 3 38859
12 75 4 77573
13 75 6 158142
14 75 5 304281
15 75 5 603303
16 75 7 1214412
17 75 7 2410357
18 75 6 4860727
19 75 6 10088559
20 75 5 19677384
21 75 6 39337280
22 75 6 80115893
23 75 5 158839750
24 75 6 314222906
25 75 9 651675092
26 75 7 1248574192
27 75 8 2483798373
28 75 8 5039002084
29 75 7 10046782630
30 75 7 20163536506
1 100 1 125
2 100 2 173
3 100 1 307
4 100 2 497
5 100 3 1006
6 100 3 1690
7 100 3 2939
8 100 6 5948
9 100 5 10536
10 100 4 20086
11 100 5 39963
12 100 6 78206
13 100 6 156236
14 100 5 303584
15 100 5 603594
16 100 6 1210872
17 100 6 2417842
18 100 5 4840694
19 100 7 9626571
20 100 7 19238476
21 100 7 38625475
22 100 5 77184660
23 100 8 158312661
24 100 6 316683313
25 100 10 630038937
26 100 8 1260449049
27 100 6 2497432335
28 100 6 4946212422
29 100 9 10055291462
30 100 5 20107276461
1 1000 1 117
2 1000 2 155
3 1000 2 307
4 1000 3 478
5 1000 4 896
6 1000 3 1751
7 1000 3 2881
8 1000 4 5601
9 1000 4 10309
10 1000 5 20830
11 1000 3 38864
12 1000 5 78896
13 1000 6 155748
14 1000 5 305109
15 1000 6 608188
16 1000 5 1203046
17 1000 6 2422743
18 1000 6 4839410
19 1000 5 9671803
20 1000 6 19321381
21 1000 5 38580214
22 1000 7 82520346
23 1000 7 155593311
24 1000 6 311627597
25 1000 7 623565203
26 1000 8 1249116680
27 1000 5 2550506965
28 1000 8 5049000989
29 1000 7 10061133861
30 1000 6 20010194978
1 10 0 112
2 10 1 182
3 10 1 247
4 10 1 415
5 10 1 751
6 10 2 1405
7 10 2 2632
8 10 2 4970
9 10 1 9555
10 10 3 19234
11 10 2 37756
12 10 2 75219
13 10 2 150001
14 10 1 299045
15 10 3 597902
16 10 2 1198414
17 10 2 2395779
18 10 1 4823638
19 10 3 9611596
20 10 2 19464534
21 10 4 38996206
22 10 4 77460087
23 10 2 153764712
24 10 3 310564915
25 10 3 641221368
26 10 2 1275419995
27 10 3 2538319995
28 10 4 5005301093
29 10 2 10057817751
30 10 4 19996299879
1 20 1 108
2 20 0 121
3 20 1 283
4 20 2 693
5 20 2 1198
6 20 2 2180
7 20 1 3393
8 20 3 6252
9 20 3 10789
10 20 3 20193
11 20 4 39124
12 20 4 77600
13 20 2 151464
14 20 2 300999
15 20 4 599434
16 20 2 1198891
17 20 4 2432734
18 20 3 4848629
19 20 5 9747043
20 20 5 19460863
21 20 5 38855679
22 20 4 77266962
23 20 3 161834223
24 20 7 312892832
25 20 5 626780935
26 20 3 1250811170
27 20 4 2494487864
28 20 4 5094524704
29 20 7 10347948315
30 20 4 19919773831
1 50 1 112
2 50 2 152
3 50 2 269
4 50 3 446
5 50 2 1025
6 50 3 2167
7 50 3 3672
8 50 3 7896
9 50 3 10297
10 50 4 19983
11 50 4 38921
12 50 5 79056
13 50 5 153486
14 50 5 363581
15 50 5 604837
16 50 6 1210743
17 50 6 2406923
18 50 6 4814441
19 50 6 9672595
20 50 5 19325480
21 50 6 39107339
22 50 6 77518501
23 50 6 156944607
24 50 6 309599743
25 50 7 619407985
26 50 7 1240584071
27 50 6 2480258146
28 50 7 4963551861
29 50 7 9931262444
30 50 7 20382445125
1 75 1 91
2 75 2 142
3 75 3 282
4 75 3 520
5 75 4 861
6 75 3 2877
7 75 5 4751
8 75 4 10236
9 75 3 13354
10 75 5 21509
11 75 4 40155
12 75 6 82527
13 75 4 169065
14 75 6 302730
15 75 5 604069
16 75 7 1212003
17 75 6 2421984
18 75 6 4882291
19 75 5 9677064
20 75 7 19431921
21 75 5 38922244
22 75 7 78722037
23 75 6 159273402
24 75 7 315307114
25 75 8 619490771
26 75 8 1261929277
27 75 5 2588725958
28 75 6 5108740718
29 75 8 10105727889
30 75 7 20179186721
1 100 1 123
2 100 2 125
3 100 1 303
4 100 3 586
5 100 3 1072
6 100 5 1665
7 100 5 3140
8 100 4 5501
9 100 5 11076
10 100 7 29209
11 100 5 60249
12 100 5 85911
13 100 6 155924
14 100 4 301524
15 100 6 607361
16 100 5 1232508
17 100 6 2458085
18 100 7 4853205
19 100 6 9913982
20 100 8 19811808
21 100 7 39437822
22 100 9 78167503
23 100 7 155883767
24 100 7 312550355
25 100 6 629362451
26 100 6 1240273077
27 100 8 2483633103
28 100 7 5030360939
29 100 7 10117063119
30 100 8 20217731388
1 1000 1 97
2 1000 2 121
3 1000 1 315
4 1000 2 482
5 1000 2 972
6 1000 4 1955
7 1000 5 3136
8 1000 3 5821
9 1000 4 10474
10 1000 4 20265
11 1000 5 44749
12 1000 4 76857
13 1000 4 152438
14 1000 6 305731
15 1000 6 603509
16 1000 5 1207738
17 1000 6 2451652
18 1000 6 5182348
19 1000 5 9657130
20 1000 8 19352708
21 1000 8 40673383
22 1000 7 77240860
23 1000 5 159425915
24 1000 7 312248325
25 1000 6 620492532
26 1000 8 1265258001
27 1000 7 2510060762
28 1000 8 5050497316
29 1000 8 10034481744
30 1000 10 20339526576
1 10 0 154
2 10 0 201
3 10 0 241
4 10 0 628
5 10 2 1242
6 10 2 1401
7 10 1 3229
8 10 0 5526
9 10 1 10217
10 10 1 19622
11 10 2 39476
12 10 1 75334
13 10 2 155546
14 10 3 299622
15 10 2 599023
16 10 3 1347741
17 10 2 2470048
18 10 3 5090243
19 10 4 10372811
20 10 2 19271604
21 10 1 38504041
22 10 1 77308694
23 10 2 181433207
24 10 3 332942520
25 10 3 628619965
26 10 2 1283202975
27 10 4 2520510639
28 10 4 5050963114
29 10 2 10120030164
30 10 3 20056913973
1 20 1 103
2 20 1 133
3 20 1 268
4 20 2 502
5 20 1 779
6 20 1 2052
7 20 1 3286
8 20 1 6476
9 20 2 9766
10 20 3 19101
11 20 3 42362
12 20 4 79202
13 20 2 154137
14 20 4 307813
15 20 3 603283
16 20 4 1202019
17 20 4 2405351
18 20 2 4807406
19 20 5 10147721
20 20 4 19232060
21 20 3 42442606
22 20 4 77746969
23 20 3 156297472
24 20 6 309526595
25 20 3 620212892
26 20 5 1255715654
27 20 6 2506067077
28 20 7 5000028110
29 20 6 10245187136
30 20 3 20329289864
1 50 1 100
2 50 1 178
3 50 3 319
4 50 2 659
5 50 3 955
6 50 2 1639
7 50 4 3018
8 50 4 5516
9 50 6 10822
10 50 4 20146
11 50 5 39740
12 50 6 79297
13 50 4 151652
14 50 7 328711
15 50 5 604671
16 50 5 2020431
17 50 3 2968318
18 50 5 5268468
19 50 4 10916287
20 50 6 20943978
21 50 5 41468804
22 50 5 84941626
23 50 6 171408945
24 50 8 334304086
25 50 6 656422296
26 50 8 1298570458
27 50 8 2542707071
28 50 8 5024705002
29 50 10 9982407892
30 50 7 20022767681
1 75 1 119
2 75 2 151
3 75 1 306
4 75 3 559
5 75 2 1028
6 75 3 1543
7 75 2 3907
8 75 4 6305
9 75 5 11209
10 75 6 20573
11 75 4 39797
12 75 6 78163
13 75 3 153691
14 75 5 302664
15 75 4 602391
16 75 6 1206364
17 75 5 2446663
18 75 5 4838026
19 75 8 9648254
20 75 5 19267129
21 75 6 38602083
22 75 5 77204828
23 75 6 158835731
24 75 7 309233088
25 75 6 622559565
26 75 5 1238183469
27 75 8 2518149845
28 75 7 4993884142
29 75 7 10086603192
30 75 11 20184995172
1 100 1 102
2 100 2 147
3 100 2 255
4 100 3 471
5 100 2 1007
6 100 3 1604
7 100 4 3113
8 100 4 5902
9 100 4 10371
10 100 5 21391
11 100 4 39141
12 100 6 77526
13 100 6 157178
14 100 8 308266
15 100 7 611039
16 100 4 1202513
17 100 5 2633150
18 100 5 4855944
19 100 5 9628642
20 100 8 19226964
21 100 7 38663567
22 100 6 77873970
23 100 6 155978422
24 100 7 307839716
25 100 7 619811111
26 100 6 1233529459
27 100 8 2560918436
28 100 7 5036364553
29 100 7 10116528038
30 100 7 20292066885
1 1000 1 113
2 1000 2 133
3 1000 3 322
4 1000 3 545
5 1000 3 967
6 1000 2 1680
7 1000 4 3248
8 1000 4 5571
9 1000 4 10422
10 1000 6 27394
11 1000 5 39609
12 1000 3 77274
13 1000 5 151835
14 1000 6 304602
15 1000 7 608988
16 1000 5 1204222
17 1000 6 2407172
18 1000 5 4865561
19 1000 4 9625615
20 1000 8 19316933
21 1000 7 38423488
22 1000 8 77099582
23 1000 5 156424953
24 1000 6 317782519
25 1000 6 621909104
26 1000 7 1265387726
27 1000 9 2529472802
28 1000 7 4998162245
29 1000 6 10061026608
30 1000 7 20227945447
1 10 0 84
2 10 0 126
3 10 1 303
4 10 1 543
5 10 2 816
6 10 1 1335
7 10 3 2686
8 10 2 5081
9 10 3 9760
10 10 1 19085
11 10 2 37769
12 10 2 75269
13 10 4 150453
14 10 5 299593
15 10 2 597896
16 10 1 1196735
17 10 2 2401161
18 10 4 4804523
19 10 1 9604517
20 10 2 19210764
21 10 3 38425614
22 10 2 77268033
23 10 3 154198635
24 10 4 307757682
25 10 4 625195321
26 10 1 1234576178
27 10 2 2476403374
28 10 4 5068991511
29 10 2 10091746347
30 10 4 20045447021
1 20 1 117
2 20 1 126
3 20 2 260
4 20 2 500
5 20 1 796
6 20 1 1418
7 20 2 2795
8 20 2 5113
9 20 3 9702
10 20 3 19368
11 20 4 38613
12 20 2 75493
13 20 3 150680
14 20 3 329472
15 20 3 599080
16 20 3 1304622
17 20 4 2638539
18 20 6 4929798
19 20 4 9922815
20 20 3 19884314
21 20 5 39160331
22 20 5 77149465
23 20 6 155652128
24 20 6 313381499
25 20 4 627977008
26 20 4 1286311852
27 20 6 2590732855
28 20 5 5030568783
29 20 7 10045047328
30 20 6 20218921759
1 50 1 70
2 50 2 154
3 50 2 285
4 50 2 621
5 50 2 894
6 50 3 1934
7 50 3 3383
8 50 4 6119
9 50 4 11321
10 50 4 32622
11 50 6 48397
12 50 6 79404
13 50 6 159687
14 50 5 306064
15 50 6 609627
16 50 5 1407748
17 50 6 2407747
18 50 5 5139990
19 50 7 10077324
20 50 5 19446392
21 50 7 39158558
22 50 6 77371859
23 50 6 159575252
24 50 7 314275878
25 50 5 632309021
26 50 6 1249467037
27 50 6 2514286766
28 50 7 4983254268
29 50 9 9996828030
30 50 9 20217645864
1 75 1 106
2 75 2 145
3 75 3 291
4 75 3 515
5 75 2 927
6 75 4 1565
7 75 4 3155
8 75 4 5608
9 75 4 10316
10 75 5 20257
11 75 5 40769
12 75 5 77679
13 75 3 151701
14 75 6 341678
15 75 4 602258
16 75 6 1746981
17 75 5 3554260
18 75 6 5145959
19 75 6 10490091
20 75 10 21720519
21 75 6 42376143
22 75 7 81085208
23 75 6 178291270
24 75 6 331192222
25 75 6 641065347
26 75 8 1247713073
27 75 7 2485196065
28 75 8 5033092381
29 75 7 10225294130
30 75 5 21024960641
1 100 1 116
2 100 2 106
3 100 3 249
4 100 3 474
5 100 3 1001
6 100 3 1566
7 100 4 2812
8 100 4 5592
9 100 4 10338
10 100 3 20057
11 100 5 47308
12 100 5 89958
13 100 5 153375
14 100 8 310803
15 100 5 626475
16 100 5 1248357
17 100 6 2498527
18 100 5 4896689
19 100 5 9801726
20 100 7 20762320
21 100 6 39334957
22 100 6 78358703
23 100 7 158577854
24 100 7 313293916
25 100 9 667803398
26 100 5 1253969094
27 100 8 2557684554
28 100 6 5136712783
29 100 6 10077037988
30 100 5 20285861739
1 1000 1 119
2 1000 1 152
3 1000 2 292
4 1000 4 525
5 1000 5 1104
6 1000 5 2268
7 1000 4 3759
8 1000 3 7261
9 1000 3 10301
10 1000 3 24767
11 1000 5 44045
12 1000 6 82547
13 1000 4 157123
14 1000 8 313807
15 1000 5 617185
16 1000 5 1213306
17 1000 6 2516736
18 1000 5 4885678
19 1000 5 9649751
20 1000 7 19501123
21 1000 5 38842760
22 1000 5 77564315
23 1000 8 156056742
24 1000 7 321760194
25 1000 5 645157352
26 1000 6 1312290471
27 1000 8 2616922466
28 1000 6 5066556313
29 1000 7 10068199791
30 1000 8 20026868440