n r res t
1 1 0 4120
2 1 0 968
3 1 0 1004
4 1 0 1216
5 1 0 1471
6 1 0 1806
7 1 0 1950
8 1 0 2226
9 1 1 2726
10 1 0 2440
11 1 0 2911
12 1 0 6545
13 1 0 3136
14 1 0 3732
15 1 1 4625
16 1 1 4529
17 1 1 4783
18 1 0 4468
19 1 1 5334
20 1 0 4817
21 1 1 7304
22 1 1 6260
23 1 0 5546
24 1 1 6555
25 1 0 6217
26 1 1 7088
27 1 1 7422
28 1 1 8556
29 1 1 7042
30 1 1 8164
1 10 1 828
2 10 1 1004
3 10 0 1066
4 10 1 1427
5 10 1 1481
6 10 1 1964
7 10 2 2156
8 10 2 2700
9 10 3 4495
10 10 2 3557
11 10 1 3102
12 10 3 4545
13 10 3 5350
14 10 2 4847
15 10 2 5667
16 10 2 9192
17 10 4 8456
18 10 4 8986
19 10 3 7190
20 10 1 5381
21 10 2 7862
22 10 2 6299
23 10 4 9180
24 10 4 171783
25 10 4 12933
26 10 2 12610
27 10 2 9445
28 10 4 14754
29 10 3 15347
30 10 4 14686
1 20 1 2894
2 20 2 935
3 20 1 1285
4 20 2 1672
5 20 2 1922
6 20 1 2318
7 20 1 2317
8 20 2 3971
9 20 4 5426
10 20 3 5910
11 20 3 6432
12 20 2 4708
13 20 4 10983
14 20 3 7801
15 20 1 5421
16 20 2 6573
17 20 4 9972
18 20 3 12471
19 20 6 17896
20 20 4 12923
21 20 3 9970
22 20 3 15847
23 20 4 16940
24 20 2 12953
25 20 4 19815
26 20 7 27159
27 20 6 23589
28 20 5 20957
29 20 4 17662
30 20 5 21963
1 50 1 770
2 50 1 1006
3 50 2 1488
4 50 2 1840
5 50 3 2489
6 50 2 5294
7 50 3 4280
8 50 4 5375
9 50 4 6206
10 50 3 33179
11 50 5 12389
12 50 5 13496
13 50 6 13245
14 50 4 15142
15 50 3 17878
16 50 6 16558
17 50 7 22969
18 50 5 26639
19 50 7 37167
20 50 6 23835
21 50 6 27696
22 50 6 29411
23 50 9 36729
24 50 5 34149
25 50 7 37470
26 50 7 46062
27 50 8 39602
28 50 6 46942
29 50 8 53554
30 50 7 51823
1 75 1 993
2 75 2 1094
3 75 2 1506
4 75 3 2104
5 75 3 2795
6 75 3 2761
7 75 4 5484
8 75 6 6845
9 75 4 6848
10 75 3 8132
11 75 5 8533
12 75 7 16459
13 75 3 11891
14 75 6 18353
15 75 4 18395
16 75 6 21940
17 75 6 22315
18 75 5 21171
19 75 7 26943
20 75 5 27832
21 75 8 39639
22 75 7 41651
23 75 8 34091
24 75 5 35433
25 75 7 41337
26 75 7 47492
27 75 8 41180
28 75 8 49188
29 75 7 55548
30 75 7 50133
1 100 1 1015
2 100 2 1141
3 100 2 1527
4 100 3 1947
5 100 3 2789
6 100 4 3580
7 100 3 3874
8 100 4 5708
9 100 5 8115
10 100 3 7279
11 100 5 10922
12 100 5 13498
13 100 4 11748
14 100 6 19025
15 100 5 17768
16 100 6 24661
17 100 5 17926
18 100 7 22900
19 100 6 25504
20 100 6 36828
21 100 6 30495
22 100 6 32430
23 100 6 40479
24 100 10 57535
25 100 7 46609
26 100 6 42127
27 100 7 41016
28 100 7 60222
29 100 9 64526
30 100 6 57299
1 1 1 685
2 1 0 837
3 1 0 1000
4 1 0 1255
5 1 0 1450
6 1 0 1671
7 1 1 2357
8 1 0 2346
9 1 0 2483
10 1 0 2580
11 1 0 2714
12 1 1 2833
13 1 1 3606
14 1 0 3346
15 1 0 3870
16 1 0 3958
17 1 1 4685
18 1 0 4032
19 1 1 4740
20 1 1 4575
21 1 0 4877
22 1 1 6177
23 1 1 6108
24 1 1 6471
25 1 0 5959
26 1 0 6023
27 1 0 6268
28 1 1 7677
29 1 1 7861
30 1 1 7205
1 10 0 620
2 10 0 823
3 10 1 1168
4 10 1 1422
5 10 1 1812
6 10 1 1917
7 10 1 2614
8 10 2 3148
9 10 2 3597
10 10 2 3834
11 10 1 3937
12 10 2 4623
13 10 3 4882
14 10 3 5148
15 10 2 5587
16 10 4 6826
17 10 3 5303
18 10 2 7530
19 10 3 7891
20 10 3 6776
21 10 2 7596
22 10 2 8138
23 10 4 9323
24 10 2 10508
25 10 3 7354
26 10 4 14249
27 10 3 10514
28 10 3 9696
29 10 2 14343
30 10 3 10541
1 20 0 798
2 20 1 926
3 20 2 1208
4 20 2 1376
5 20 2 1695
6 20 2 2117
7 20 3 3872
8 20 4 3951
9 20 3 4691
10 20 2 4938
11 20 2 3487
12 20 4 7761
13 20 3 7146
14 20 4 6856
15 20 3 7727
16 20 3 9212
17 20 3 9912
18 20 2 6157
19 20 4 16309
20 20 4 11902
21 20 5 19649
22 20 4 15103
23 20 3 14759
24 20 6 20925
25 20 4 19731
26 20 3 17850
27 20 7 22093
28 20 5 19008
29 20 5 24017
30 20 7 29322
1 50 1 749
2 50 2 1014
3 50 1 1273
4 50 2 1853
5 50 3 2426
6 50 3 3284
7 50 3 4384
8 50 4 6233
9 50 5 8959
10 50 4 8725
11 50 3 8382
12 50 5 15111
13 50 5 11568
14 50 4 13680
15 50 4 17272
16 50 5 20971
17 50 6 19375
18 50 6 26492
19 50 6 27893
20 50 6 27964
21 50 8 32935
22 50 7 40202
23 50 8 37426
24 50 4 32684
25 50 7 38589
26 50 7 41574
27 50 8 54564
28 50 7 47844
29 50 7 42220
30 50 8 58369
1 75 1 887
2 75 2 1276
3 75 2 1550
4 75 2 1790
5 75 2 2459
6 75 4 4141
7 75 4 4805
8 75 4 5078
9 75 5 10243
10 75 4 7231
11 75 5 10877
12 75 4 13763
13 75 3 11589
14 75 4 12851
15 75 5 18782
16 75 6 20356
17 75 6 26901
18 75 7 28954
19 75 5 30672
20 75 5 28592
21 75 5 25565
22 75 5 33121
23 75 6 42522
24 75 9 41632
25 75 7 46763
26 75 8 53543
27 75 6 53333
28 75 7 58067
29 75 9 61773
30 75 8 63032
1 100 1 817
2 100 2 1121
3 100 2 1503
4 100 3 2010
5 100 2 2406
6 100 4 3835
7 100 2 3751
8 100 4 7043
9 100 5 7158
10 100 5 7452
11 100 4 10563
12 100 4 13000
13 100 6 15013
14 100 6 16431
15 100 5 19977
16 100 6 25992
17 100 6 19710
18 100 7 24580
19 100 5 27469
20 100 8 35600
21 100 7 37364
22 100 9 37012
23 100 7 41108
24 100 7 41346
25 100 6 36363
26 100 8 49602
27 100 5 52592
28 100 6 44332
29 100 6 36825
30 100 7 66200
1 1 0 580
2 1 0 799
3 1 0 986
4 1 1 1386
5 1 0 1384
6 1 1 1723
7 1 0 2049
8 1 0 2236
9 1 1 2783
10 1 1 2828
11 1 0 2803
12 1 0 2996
13 1 0 3268
14 1 1 3817
15 1 1 4442
16 1 0 3983
17 1 1 4541
18 1 0 4408
19 1 0 4504
20 1 1 5256
21 1 0 4862
22 1 0 5300
23 1 1 5585
24 1 1 5820
25 1 0 5972
26 1 1 7380
27 1 0 6393
28 1 0 6618
29 1 1 8110
30 1 1 8109
1 10 1 762
2 10 1 976
3 10 2 1173
4 10 2 1231
5 10 1 1728
6 10 1 1750
7 10 2 1963
8 10 2 3165
9 10 1 2536
10 10 1 3053
11 10 2 3602
12 10 1 4259
13 10 2 4189
14 10 3 7634
15 10 2 5371
16 10 3 5958
17 10 2 6267
18 10 2 7303
19 10 2 5588
20 10 2 8071
21 10 2 7244
22 10 3 9104
23 10 1 7430
24 10 5 12398
25 10 4 13044
26 10 4 13685
27 10 3 11819
28 10 4 15921
29 10 2 9859
30 10 2 11781
1 20 1 844
2 20 0 858
3 20 2 1214
4 20 1 1649
5 20 1 1847
6 20 2 2154
7 20 2 3101
8 20 2 3082
9 20 3 5133
10 20 2 4158
11 20 4 6312
12 20 3 7012
13 20 3 6354
14 20 2 5359
15 20 3 9726
16 20 3 10008
17 20 3 9617
18 20 4 11175
19 20 4 14102
20 20 2 9165
21 20 5 19294
22 20 4 18186
23 20 5 21433
24 20 4 16545
25 20 5 26163
26 20 5 17603
27 20 4 16849
28 20 5 24455
29 20 4 20882
30 20 3 19836
1 50 1 759
2 50 2 1048
3 50 1 1233
4 50 3 1764
5 50 3 2471
6 50 5 3112
7 50 4 5058
8 50 2 4753
9 50 4 7192
10 50 4 7062
11 50 5 11189
12 50 3 8217
13 50 6 13151
14 50 3 8855
15 50 7 20408
16 50 5 18401
17 50 7 23254
18 50 6 28784
19 50 6 23934
20 50 7 39779
21 50 7 30978
22 50 7 28854
23 50 5 33197
24 50 6 43723
25 50 5 36153
26 50 7 45920
27 50 7 45798
28 50 5 31691
29 50 7 47190
30 50 5 44078
1 75 1 927
2 75 2 1155
3 75 2 1620
4 75 2 2126
5 75 2 2308
6 75 5 3535
7 75 2 3901
8 75 4 5718
9 75 3 6668
10 75 4 8650
11 75 4 13464
12 75 6 13157
13 75 3 11237
14 75 5 14143
15 75 5 15567
16 75 6 28948
17 75 6 17936
18 75 8 29694
19 75 6 27367
20 75 6 33081
21 75 6 32546
22 75 6 51490
23 75 8 49125
24 75 6 39359
25 75 6 42596
26 75 8 47485
27 75 7 58969
28 75 7 59568
29 75 8 57083
30 75 11 64870
1 100 1 953
2 100 1 1059
3 100 2 1480
4 100 2 1938
5 100 4 2915
6 100 3 3522
7 100 5 5354
8 100 4 5236
9 100 4 6363
10 100 5 8962
11 100 6 8710
12 100 4 9742
13 100 4 15776
14 100 4 14286
15 100 4 22530
16 100 6 16693
17 100 6 25988
18 100 6 25551
19 100 8 29759
20 100 6 34196
21 100 8 39610
22 100 6 39195
23 100 7 38331
24 100 6 29763
25 100 7 47594
26 100 5 44835
27 100 5 45671
28 100 8 53645
29 100 7 47469
30 100 7 56286
1 1 0 971
2 1 0 805
3 1 0 918
4 1 0 1541
5 1 0 1496
6 1 0 2595
7 1 0 2102
8 1 1 2534
9 1 0 2387
10 1 0 2634
11 1 0 2591
12 1 0 2730
13 1 0 2975
14 1 0 3459
15 1 0 4305
16 1 1 3730
17 1 0 4011
18 1 0 4567
19 1 0 4429
20 1 1 5334
21 1 1 6233
22 1 0 5556
23 1 0 5159
24 1 1 6746
25 1 0 5739
26 1 0 6021
27 1 0 6074
28 1 0 6497
29 1 0 7450
30 1 1 8273
1 10 0 700
2 10 1 860
3 10 1 1085
4 10 1 1348
5 10 0 1475
6 10 2 1974
7 10 4 3201
8 10 2 2650
9 10 1 2694
10 10 2 2945
11 10 2 4814
12 10 2 4437
13 10 1 4298
14 10 1 3533
15 10 3 5501
16 10 4 8964
17 10 3 7545
18 10 3 7653
19 10 3 10331
20 10 2 5902
21 10 2 9537
22 10 1 7833
23 10 2 10216
24 10 2 9679
25 10 4 12528
26 10 4 11506
27 10 2 9246
28 10 5 15392
29 10 2 11097
30 10 3 14127
1 20 1 949
2 20 1 1026
3 20 2 1303
4 20 2 1458
5 20 1 1924
6 20 4 3158
7 20 3 3628
8 20 3 3388
9 20 3 3610
10 20 4 6060
11 20 2 5232
12 20 2 7113
13 20 2 5128
14 20 3 8347
15 20 3 6905
16 20 4 10149
17 20 5 14088
18 20 3 11641
19 20 3 10493
20 20 5 14404
21 20 2 9103
22 20 5 19270
23 20 3 19319
24 20 4 16661
25 20 6 19800
26 20 4 20885
27 20 5 20102
28 20 5 21477
29 20 5 22099
30 20 6 29031
1 50 1 946
2 50 2 1017
3 50 3 1561
4 50 3 2004
5 50 4 2475
6 50 2 3255
7 50 3 4604
8 50 5 8047
9 50 4 6561
10 50 6 11609
11 50 5 11602
12 50 3 9934
13 50 5 16076
14 50 5 19319
15 50 5 16047
16 50 4 16628
17 50 5 23113
18 50 5 22693
19 50 6 24046
20 50 5 26428
21 50 6 26806
22 50 6 35793
23 50 5 28594
24 50 9 36005
25 50 8 41389
26 50 8 41029
27 50 6 39770
28 50 8 53305
29 50 7 55687
30 50 8 64280
1 75 1 1132
2 75 2 1106
3 75 2 1473
4 75 3 1852
5 75 3 2545
6 75 3 3154
7 75 2 3574
8 75 4 5325
9 75 5 6580
10 75 5 9918
11 75 6 10443
12 75 5 12808
13 75 5 13475
14 75 6 20147
15 75 6 20630
16 75 5 17839
17 75 5 21829
18 75 6 26693
19 75 5 27730
20 75 4 24377
21 75 5 28952
22 75 7 37432
23 75 8 42491
24 75 7 45725
25 75 8 39922
26 75 8 47592
27 75 9 50864
28 75 5 50744
29 75 6 47375
30 75 9 62575
1 100 1 1328
2 100 1 1123
3 100 2 1352
4 100 2 1786
5 100 3 2579
6 100 3 3914
7 100 4 4840
8 100 4 6742
9 100 3 6352
10 100 5 11340
11 100 4 10801
12 100 6 13349
13 100 6 17480
14 100 6 19425
15 100 5 17164
16 100 7 22394
17 100 6 21319
18 100 6 24783
19 100 4 23942
20 100 7 32476
21 100 7 32330
22 100 6 33695
23 100 7 34285
24 100 7 38190
25 100 7 44894
26 100 8 160531
27 100 7 44570
28 100 8 53989
29 100 9 58321
30 100 6 50834
1 1 0 681
2 1 0 885
3 1 0 1069
4 1 0 1291
5 1 0 1454
6 1 0 1659
7 1 0 2091
8 1 0 2272
9 1 0 2438
10 1 0 2556
11 1 0 2849
12 1 1 3250
13 1 1 3636
14 1 1 3992
15 1 1 3808
16 1 1 4370
17 1 1 4689
18 1 1 4846
19 1 0 4352
20 1 0 4405
21 1 0 4693
22 1 1 6402
23 1 0 7540
24 1 0 5734
25 1 0 5788
26 1 1 6719
27 1 1 6287
28 1 1 7814
29 1 1 7542
30 1 0 7049
1 10 1 759
2 10 2 1009
3 10 1 1178
4 10 2 1517
5 10 2 1601
6 10 1 2165
7 10 1 2379
8 10 2 3449
9 10 2 3200
10 10 1 3020
11 10 2 4271
12 10 1 3106
13 10 2 4568
14 10 3 5184
15 10 1 4524
16 10 2 5806
17 10 2 6506
18 10 2 6714
19 10 4 8305
20 10 1 5830
21 10 5 11697
22 10 2 8888
23 10 2 8471
24 10 2 10907
25 10 4 13839
26 10 6 12467
27 10 4 16317
28 10 3 9943
29 10 2 10486
30 10 4 16413
1 20 0 903
2 20 1 1029
3 20 2 1465
4 20 1 1509
5 20 2 2090
6 20 2 2712
7 20 2 3059
8 20 2 3119
9 20 1 3152
10 20 2 3763
11 20 3 7036
12 20 3 6462
13 20 4 6288
14 20 5 10340
15 20 2 7795
16 20 4 11204
17 20 3 8706
18 20 3 9081
19 20 5 13295
20 20 3 11571
21 20 4 12571
22 20 3 10732
23 20 7 22945
24 20 3 13075
25 20 7 23992
26 20 4 16070
27 20 4 20678
28 20 5 23055
29 20 5 24958
30 20 7 32556
1 50 1 980
2 50 1 881
3 50 2 1315
4 50 3 1872
5 50 2 2399
6 50 2 2895
7 50 3 3949
8 50 4 4656
9 50 4 8211
10 50 7 10333
11 50 4 9649
12 50 3 10994
13 50 4 15000
14 50 5 18089
15 50 5 19783
16 50 4 16165
17 50 6 27332
18 50 6 26441
19 50 5 20698
20 50 6 28195
21 50 7 33916
22 50 6 35552
23 50 9 39814
24 50 7 43792
25 50 9 50577
26 50 7 44359
27 50 7 44326
28 50 6 47094
29 50 9 56824
30 50 7 53006
1 75 1 1062
2 75 1 1135
3 75 1 1449
4 75 2 1947
5 75 2 2454
6 75 3 3657
7 75 4 4419
8 75 3 5434
9 75 3 6466
10 75 5 9814
11 75 5 9799
12 75 6 13442
13 75 5 15316
14 75 5 16656
15 75 6 20270
16 75 5 22502
17 75 9 29808
18 75 6 28404
19 75 5 24935
20 75 7 28551
21 75 7 43576
22 75 7 32264
23 75 6 42189
24 75 5 36132
25 75 7 43328
26 75 7 44110
27 75 7 56329
28 75 8 48421
29 75 8 56363
30 75 9 57224
1 100 1 879
2 100 1 1237
3 100 2 1603
4 100 3 2029
5 100 3 2518
6 100 4 4011
7 100 4 4581
8 100 5 6409
9 100 4 7167
10 100 4 8359
11 100 4 8674
12 100 5 15265
13 100 4 12889
14 100 6 13394
15 100 7 25425
16 100 4 18101
17 100 4 20036
18 100 6 23355
19 100 5 25529
20 100 5 24514
21 100 6 33611
22 100 7 45671
23 100 7 43988
24 100 6 36527
25 100 5 44370
26 100 5 36183
27 100 6 60470
28 100 8 55899
29 100 7 57094
30 100 12 74161
1 1 1 751
2 1 0 963
3 1 0 1041
4 1 0 1314
5 1 0 1433
6 1 1 1878
7 1 0 2212
8 1 1 2263
9 1 0 2518
10 1 0 2467
11 1 0 2849
12 1 1 3333
13 1 1 3732
14 1 1 3845
15 1 0 3599
16 1 1 4240
17 1 1 4647
18 1 0 4454
19 1 0 4488
20 1 0 4737
21 1 1 5726
22 1 1 5657
23 1 1 6071
24 1 1 6176
25 1 0 5799
26 1 1 6617
27 1 0 6314
28 1 0 6638
29 1 0 6646
30 1 1 8138
1 10 0 763
2 10 0 800
3 10 2 1276
4 10 1 1423
5 10 1 1462
6 10 2 2230
7 10 1 2444
8 10 1 2635
9 10 2 2589
10 10 1 2801
11 10 1 3123
12 10 3 5198
13 10 2 5801
14 10 2 4108
15 10 2 6199
16 10 2 5132
17 10 3 7217
18 10 2 7126
19 10 3 9248
20 10 1 6065
21 10 3 7472
22 10 2 7971
23 10 3 10380
24 10 3 8466
25 10 4 13980
26 10 2 12399
27 10 6 15306
28 10 4 16579
29 10 7 18734
30 10 3 12736
1 20 0 856
2 20 1 898
3 20 1 1188
4 20 1 1394
5 20 2 1847
6 20 2 2930
7 20 1 2873
8 20 2 2752
9 20 3 3575
10 20 3 4271
11 20 4 5494
12 20 3 7393
13 20 5 9552
14 20 2 7471
15 20 5 10621
16 20 4 10222
17 20 3 8943
18 20 3 10249
19 20 3 10766
20 20 2 10707
21 20 3 11547
22 20 4 16807
23 20 4 15020
24 20 3 12166
25 20 3 19604
26 20 6 23920
27 20 5 19642
28 20 7 25599
29 20 5 25429
30 20 5 22088
1 50 1 730
2 50 1 965
3 50 2 1318
4 50 2 1761
5 50 2 2246
6 50 3 3120
7 50 3 4190
8 50 5 6684
9 50 3 7415
10 50 4 9353
11 50 3 8915
12 50 6 14939
13 50 4 10860
14 50 5 13423
15 50 6 16631
16 50 7 26688
17 50 5 18484
18 50 6 19509
19 50 6 24800
20 50 5 24017
21 50 9 36153
22 50 5 26303
23 50 6 36099
24 50 7 39493
25 50 7 37297
26 50 7 39212
27 50 9 56230
28 50 7 48708
29 50 7 57660
30 50 7 51988
1 75 1 875
2 75 2 1009
3 75 2 1503
4 75 2 1887
5 75 2 2295
6 75 4 4370
7 75 5 5008
8 75 4 6545
9 75 3 6307
10 75 4 8485
11 75 5 11979
12 75 4 15138
13 75 5 14328
14 75 5 14492
15 75 6 19633
16 75 6 18368
17 75 4 17018
18 75 5 26304
19 75 7 34825
20 75 5 34225
21 75 7 28450
22 75 9 44023
23 75 9 49586
24 75 5 30433
25 75 7 37665
26 75 6 40422
27 75 7 55317
28 75 7 58525
29 75 7 50770
30 75 9 62797
1 100 1 849
2 100 2 1078
3 100 3 1615
4 100 3 1755
5 100 4 3005
6 100 4 3939
7 100 4 4591
8 100 4 6121
9 100 5 7025
10 100 3 9084
11 100 5 11104
12 100 4 11079
13 100 5 13828
14 100 6 14571
15 100 7 27871
16 100 5 17048
17 100 5 21366
18 100 7 26841
19 100 6 23059
20 100 7 35785
21 100 5 37193
22 100 6 42392
23 100 5 44622
24 100 7 44875
25 100 8 50425
26 100 5 37635
27 100 7 55366
28 100 5 42190
29 100 10 59917
30 100 6 62572
1 1 0 613
2 1 0 801
3 1 0 1000
4 1 0 1267
5 1 0 1518
6 1 1 1720
7 1 1 2326
8 1 1 2424
9 1 0 2298
10 1 0 2541
11 1 0 2785
12 1 0 2973
13 1 1 3692
14 1 1 3619
15 1 1 3956
16 1 1 4344
17 1 0 4017
18 1 1 4590
19 1 1 4437
20 1 0 4842
21 1 1 5597
22 1 0 4993
23 1 0 5447
24 1 0 5675
25 1 1 5835
26 1 0 6256
27 1 1 6898
28 1 1 7459
29 1 1 6827
30 1 0 6724
1 10 0 632
2 10 1 884
3 10 1 1009
4 10 1 1315
5 10 1 1530
6 10 2 2288
7 10 0 1835
8 10 1 2443
9 10 3 4476
10 10 1 2931
11 10 2 3693
12 10 4 6471
13 10 3 6589
14 10 3 5371
15 10 3 5939
16 10 1 4818
17 10 5 10136
18 10 3 8747
19 10 2 7072
20 10 2 8119
21 10 2 8089
22 10 3 11694
23 10 1 8479
24 10 3 13599
25 10 2 10422
26 10 4 12641
27 10 2 9852
28 10 3 11513
29 10 3 11633
30 10 3 11441
1 20 0 779
2 20 1 978
3 20 1 1140
4 20 2 1675
5 20 3 2627
6 20 3 2979
7 20 3 3845
8 20 3 4305
9 20 1 3180
10 20 1 3478
11 20 3 6401
12 20 3 7739
13 20 3 5217
14 20 3 7158
15 20 4 10065
16 20 4 11188
17 20 3 8708
18 20 3 11865
19 20 3 9949
20 20 3 11068
21 20 2 10709
22 20 4 16743
23 20 6 19514
24 20 4 20574
25 20 3 15855
26 20 8 28045
27 20 5 23655
28 20 3 16835
29 20 3 19096
30 20 5 25505
1 50 1 653
2 50 1 990
3 50 2 1408
4 50 2 1636
5 50 3 2473
6 50 4 2789
7 50 4 4003
8 50 6 6963
9 50 4 6719
10 50 4 7633
11 50 3 8455
12 50 4 10998
13 50 5 17742
14 50 4 14436
15 50 5 14619
16 50 7 20609
17 50 7 22290
18 50 6 21117
19 50 6 26884
20 50 5 28307
21 50 6 27116
22 50 6 27368
23 50 5 29216
24 50 5 31387
25 50 8 45418
26 50 7 52589
27 50 8 52661
28 50 7 38258
29 50 7 46802
30 50 7 52518
1 75 1 901
2 75 2 1362
3 75 1 1771
4 75 2 2301
5 75 3 2825
6 75 3 4712
7 75 3 4843
8 75 6 7484
9 75 5 6529
10 75 4 6127
11 75 5 8533
12 75 6 13722
13 75 6 14658
14 75 5 16322
15 75 5 19505
16 75 6 23066
17 75 6 24349
18 75 5 29174
19 75 7 31201
20 75 7 32989
21 75 7 30642
22 75 5 31866
23 75 8 42770
24 75 6 30574
25 75 10 52252
26 75 8 47432
27 75 6 48697
28 75 6 44648
29 75 9 55618
30 75 5 40455
1 100 1 971
2 100 2 1055
3 100 2 1471
4 100 3 2043
5 100 4 2794
6 100 3 3748
7 100 3 4945
8 100 4 5920
9 100 4 6867
10 100 5 11147
11 100 3 7906
12 100 5 13567
13 100 6 16929
14 100 5 14701
15 100 6 20391
16 100 5 20817
17 100 6 17731
18 100 6 22177
19 100 5 25116
20 100 6 28305
21 100 5 27348
22 100 7 28482
23 100 7 36655
24 100 6 36551
25 100 7 39336
26 100 8 50900
27 100 5 40873
28 100 8 51097
29 100 7 57751
30 100 6 52557
1 1 0 763
2 1 1 868
3 1 0 977
4 1 0 1212
5 1 0 1369
6 1 1 1784
7 1 0 2069
8 1 0 2286
9 1 0 2348
10 1 1 2925
11 1 0 2757
12 1 0 3066
13 1 0 3269
14 1 0 3547
15 1 1 3904
16 1 0 4036
17 1 0 4173
18 1 0 4371
19 1 1 4674
20 1 0 4834
21 1 1 5964
22 1 1 6339
23 1 0 5593
24 1 0 5708
25 1 0 5832
26 1 0 6168
27 1 1 7043
28 1 1 7041
29 1 0 6658
30 1 1 7853
1 10 1 762
2 10 0 774
3 10 0 1021
4 10 1 1774
5 10 1 1567
6 10 1 2345
7 10 0 2084
8 10 2 2459
9 10 3 3548
10 10 2 3403
11 10 2 4584
12 10 2 4689
13 10 1 4744
14 10 1 5114
15 10 2 6556
16 10 1 5511
17 10 2 6771
18 10 2 7775
19 10 4 9937
20 10 3 10409
21 10 3 10268
22 10 2 9907
23 10 2 8614
24 10 5 13750
25 10 3 11007
26 10 2 10811
27 10 3 12571
28 10 3 12951
29 10 6 17918
30 10 3 12024
1 20 1 852
2 20 1 901
3 20 1 1141
4 20 2 1742
5 20 1 1559
6 20 2 2107
7 20 1 2643
8 20 2 3021
9 20 2 3673
10 20 3 5768
11 20 2 4327
12 20 3 7289
13 20 4 9133
14 20 3 6382
15 20 3 9835
16 20 4 10694
17 20 5 16512
18 20 5 14497
19 20 4 12852
20 20 3 10694
21 20 5 17977
22 20 5 13124
23 20 4 16393
24 20 4 21216
25 20 6 20605
26 20 5 21382
27 20 3 17518
28 20 5 22101
29 20 6 32247
30 20 5 27301
1 50 1 666
2 50 2 973
3 50 3 1379
4 50 3 1955
5 50 4 2824
6 50 3 3658
7 50 5 5359
8 50 4 5172
9 50 3 6930
10 50 5 6191
11 50 4 9392
12 50 5 13336
13 50 4 12713
14 50 5 15176
15 50 4 15441
16 50 6 17592
17 50 6 29879
18 50 5 23170
19 50 4 21468
20 50 6 35209
21 50 5 21717
22 50 7 17815
23 50 6 20634
24 50 7 29333
25 50 7 24970
26 50 8 32792
27 50 5 25146
28 50 6 27037
29 50 8 38825
30 50 6 119774
1 75 1 1435
2 75 2 1024
3 75 1 1269
4 75 3 2140
5 75 3 2531
6 75 5 3123
7 75 5 4083
8 75 4 4110
9 75 5 7341
10 75 7 7370
11 75 5 8889
12 75 5 10910
13 75 6 11920
14 75 4 7582
15 75 6 15487
16 75 5 14272
17 75 6 16935
18 75 7 20626
19 75 6 19054
20 75 8 25653
21 75 7 22644
22 75 9 29013
23 75 7 28874
24 75 7 31811
25 75 6 26142
26 75 6 24105
27 75 8 30750
28 75 7 38601
29 75 7 39138
30 75 8 39025
1 100 1 854
2 100 2 1203
3 100 1 1530
4 100 2 1844
5 100 2 2027
6 100 4 2740
7 100 5 3478
8 100 3 4340
9 100 4 3968
10 100 4 5200
11 100 5 8151
12 100 4 7079
13 100 4 8989
14 100 6 10586
15 100 6 12347
16 100 5 12307
17 100 6 17100
18 100 6 19910
19 100 5 18945
20 100 8 23415
21 100 8 26483
22 100 7 25709
23 100 5 27339
24 100 7 23805
25 100 6 22500
26 100 8 34101
27 100 7 29587
28 100 8 33168
29 100 8 37520
30 100 10 48226
1 1 0 632
2 1 0 885
3 1 0 1025
4 1 0 1329
5 1 0 1407
6 1 1 1756
7 1 0 1817
8 1 0 1735
9 1 0 1828
10 1 0 2001
11 1 1 2428
12 1 0 2291
13 1 0 2531
14 1 0 2609
15 1 0 2898
16 1 0 3017
17 1 0 3099
18 1 1 3403
19 1 1 3699
20 1 0 3589
21 1 0 3746
22 1 0 3890
23 1 0 4106
24 1 0 4261
25 1 0 4419
26 1 1 4764
27 1 0 4738
28 1 1 5696
29 1 0 5124
30 1 0 5189
1 10 1 662
2 10 0 951
3 10 1 1166
4 10 1 1555
5 10 1 1507
6 10 1 1601
7 10 0 1666
8 10 0 1753
9 10 1 2343
10 10 2 2414
11 10 2 3130
12 10 3 3187
13 10 1 3028
14 10 3 4222
15 10 2 3774
16 10 3 4681
17 10 2 5098
18 10 1 4063
19 10 4 7192
20 10 2 4000
21 10 2 4949
22 10 2 6039
23 10 2 5957
24 10 5 13514
25 10 1 6730
26 10 4 10325
27 10 4 11499
28 10 5 13508
29 10 4 13906
30 10 2 7317
1 20 1 711
2 20 1 766
3 20 2 920
4 20 1 987
5 20 2 1656
6 20 1 1466
7 20 3 1951
8 20 3 2582
9 20 4 3258
10 20 2 2812
11 20 4 3880
12 20 3 5286
13 20 3 3305
14 20 5 7591
15 20 4 6826
16 20 3 6582
17 20 3 7050
18 20 3 7051
19 20 2 6029
20 20 4 8268
21 20 3 6927
22 20 3 9089
23 20 5 13618
24 20 6 13533
25 20 4 13545
26 20 5 14229
27 20 6 17983
28 20 4 14787
29 20 7 17192
30 20 5 15723
1 50 1 746
2 50 2 1099
3 50 1 1382
4 50 3 1841
5 50 2 1911
6 50 3 2329
7 50 2 2768
8 50 4 4434
9 50 4 5217
10 50 6 8146
11 50 4 7650
12 50 6 9496
13 50 3 8428
14 50 5 9369
15 50 4 10600
16 50 6 15132
17 50 5 15814
18 50 5 16333
19 50 8 18812
20 50 4 15154
21 50 6 20165
22 50 5 21068
23 50 6 24895
24 50 7 24989
25 50 6 22642
26 50 5 24374
27 50 8 33932
28 50 6 28912
29 50 6 32273
30 50 10 40207
1 75 1 676
2 75 2 853
3 75 2 1385
4 75 3 1569
5 75 2 2214
6 75 3 2968
7 75 4 3304
8 75 4 5519
9 75 4 4943
10 75 5 7194
11 75 4 6622
12 75 6 7708
13 75 6 11747
14 75 8 13497
15 75 7 16715
16 75 4 12499
17 75 5 14316
18 75 5 16975
19 75 5 19350
20 75 8 20315
21 75 7 21913
22 75 6 21937
23 75 6 21451
24 75 7 26821
25 75 7 28597
26 75 6 53707
27 75 8 52329
28 75 7 52969
29 75 7 56555
30 75 7 46723
1 100 1 736
2 100 2 1024
3 100 3 1307
4 100 3 1926
5 100 3 2428
6 100 2 2968
7 100 4 5000
8 100 4 4874
9 100 4 7749
10 100 6 9821
11 100 5 11291
12 100 3 9983
13 100 5 10229
14 100 6 17528
15 100 7 23975
16 100 5 19839
17 100 6 17919
18 100 5 25572
19 100 4 20761
20 100 8 36398
21 100 7 30746
22 100 8 40017
23 100 5 34685
24 100 6 39607
25 100 6 42743
26 100 7 55732
27 100 9 47989
28 100 7 42560
29 100 6 55726
30 100 7 65521
1 1 0 660
2 1 0 830
3 1 0 991
4 1 0 1231
5 1 0 1458
6 1 0 1607
7 1 0 2153
8 1 0 2345
9 1 1 2625
10 1 0 2736
11 1 0 3016
12 1 0 3190
13 1 1 4117
14 1 1 4233
15 1 1 4325
16 1 0 4050
17 1 0 4222
18 1 1 5594
19 1 0 4821
20 1 1 5664
21 1 1 6052
22 1 0 5525
23 1 1 6979
24 1 0 5692
25 1 1 5653
26 1 0 5516
27 1 0 6181
28 1 1 6581
29 1 0 7218
30 1 1 8478
1 10 1 613
2 10 0 780
3 10 1 997
4 10 1 1523
5 10 1 1638
6 10 1 1972
7 10 1 2648
8 10 1 2503
9 10 2 3426
10 10 2 3226
11 10 2 4549
12 10 1 3560
13 10 2 5634
14 10 2 4564
15 10 2 6397
16 10 3 5731
17 10 3 8006
18 10 5 11310
19 10 3 8211
20 10 2 7084
21 10 3 9981
22 10 3 12158
23 10 4 16021
24 10 4 13602
25 10 2 12172
26 10 3 9519
27 10 4 13598
28 10 3 13716
29 10 6 14156
30 10 4 17566
1 20 0 814
2 20 1 892
3 20 1 1192
4 20 1 1533
5 20 1 1833
6 20 2 2422
7 20 2 2850
8 20 2 3142
9 20 3 4866
10 20 3 4077
11 20 3 5428
12 20 5 7447
13 20 6 9360
14 20 3 7257
15 20 4 11970
16 20 4 10053
17 20 4 11501
18 20 2 10065
19 20 5 16512
20 20 3 9683
21 20 4 14809
22 20 5 18223
23 20 4 14998
24 20 4 17913
25 20 4 17292
26 20 4 16445
27 20 4 18429
28 20 5 24980
29 20 7 24521
30 20 6 24816
1 50 1 972
2 50 2 1073
3 50 3 1435
4 50 3 1413
5 50 2 1929
6 50 3 2581
7 50 4 3632
8 50 4 4254
9 50 4 4450
10 50 4 5672
11 50 5 9485
12 50 5 6491
13 50 3 8008
14 50 5 9609
15 50 4 9811
16 50 5 15894
17 50 5 19580
18 50 5 15806
19 50 6 21557
20 50 9 22439
21 50 5 21191
22 50 6 22800
23 50 6 21455
24 50 5 24964
25 50 6 24230
26 50 7 31244
27 50 7 29765
28 50 8 32971
29 50 6 34666
30 50 5 29322
1 75 1 1198
2 75 2 1226
3 75 3 1258
4 75 3 1648
5 75 3 2209
6 75 3 4183
7 75 4 4953
8 75 4 5199
9 75 4 5560
10 75 3 5329
11 75 5 9339
12 75 5 8754
13 75 5 9113
14 75 8 16129
15 75 5 12515
16 75 5 13515
17 75 6 14052
18 75 5 16481
19 75 5 15123
20 75 7 22689
21 75 6 22465
22 75 6 21041
23 75 7 21514
24 75 7 30915
25 75 9 29374
26 75 5 29567
27 75 8 33706
28 75 6 30156
29 75 6 35116
30 75 5 30763
1 100 1 721
2 100 1 1064
3 100 2 1126
4 100 4 1618
5 100 5 2041
6 100 5 2507
7 100 4 3317
8 100 3 4527
9 100 3 4444
10 100 3 5064
11 100 5 7271
12 100 6 10587
13 100 4 10337
14 100 8 12890
15 100 5 11775
16 100 5 13510
17 100 6 18424
18 100 5 19295
19 100 5 18636
20 100 7 20755
21 100 5 20300
22 100 5 20977
23 100 8 32321
24 100 7 32219
25 100 5 31846
26 100 6 30487
27 100 8 36156
28 100 6 32122
29 100 7 40403
30 100 8 38941