n r res t
1 10 0 419
2 10 0 201
3 10 1 434
4 10 0 205
5 10 2 600
6 10 2 770
7 10 3 1055
8 10 1 670
9 10 2 1720
10 10 1 1058
11 10 1 1515
12 10 2 1897
13 10 2 1628
14 10 2 2251
15 10 4 2982
16 10 2 2992
17 10 3 6476
18 10 2 1780
19 10 4 6608
20 10 3 2799
21 10 3 7176
22 10 3 1651
23 10 3 8156
24 10 3 7364
25 10 3 6429
26 10 5 31866
27 10 4 14194
28 10 3 8886
29 10 3 4968
30 10 4 13964
1 20 1 108
2 20 1 197
3 20 1 404
4 20 1 359
5 20 2 657
6 20 2 531
7 20 2 520
8 20 3 1291
9 20 4 1693
10 20 3 2268
11 20 2 1302
12 20 4 2428
13 20 4 2444
14 20 4 2446
15 20 3 7370
16 20 4 4969
17 20 5 12580
18 20 4 10812
19 20 4 3232
20 20 2 6463
21 20 4 9717
22 20 3 4170
23 20 5 21610
24 20 5 41663
25 20 6 41814
26 20 4 40144
27 20 3 10185
28 20 6 39669
29 20 5 68801
30 20 5 33257
1 50 1 85
2 50 2 257
3 50 2 354
4 50 3 486
5 50 3 573
6 50 3 987
7 50 3 1326
8 50 4 2023
9 50 5 2575
10 50 5 5800
11 50 5 5850
12 50 3 5340
13 50 5 9341
14 50 5 13050
15 50 3 10721
16 50 3 6517
17 50 5 13571
18 50 4 18566
19 50 7 74324
20 50 6 69902
21 50 5 27572
22 50 5 48843
23 50 6 90689
24 50 5 103197
25 50 6 216299
26 50 9 935492
27 50 8 1311817
28 50 9 405949
29 50 5 268268
30 50 7 774237
1 75 1 297
2 75 1 451
3 75 3 526
4 75 2 897
5 75 3 501
6 75 3 1718
7 75 3 2263
8 75 5 1488
9 75 5 3794
10 75 4 5911
11 75 5 9915
12 75 5 16403
13 75 6 12753
14 75 5 26004
15 75 4 28326
16 75 6 21618
17 75 7 34881
18 75 6 107082
19 75 7 278042
20 75 6 50903
21 75 7 122390
22 75 6 61155
23 75 9 268828
24 75 6 299327
25 75 7 258168
26 75 8 385094
27 75 8 402076
28 75 6 273904
29 75 8 344126
30 75 7 454455
1 100 1 69
2 100 2 131
3 100 2 177
4 100 3 289
5 100 3 348
6 100 3 6321
7 100 4 1077
8 100 6 1238
9 100 4 2349
10 100 3 2891
11 100 5 3421
12 100 7 6876
13 100 3 7454
14 100 6 16469
15 100 4 13419
16 100 6 20685
17 100 6 20007
18 100 5 17535
19 100 7 45046
20 100 5 50093
21 100 8 154537
22 100 7 210804
23 100 8 85391
24 100 5 95667
25 100 7 197154
26 100 7 189898
27 100 8 208178
28 100 8 658481
29 100 7 358173
30 100 7 350725
1 1000 1 126
2 1000 2 255
3 1000 2 355
4 1000 3 477
5 1000 3 600
6 1000 4 997
7 1000 3 1482
8 1000 4 2173
9 1000 5 1523
10 1000 3 3721
11 1000 5 4483
12 1000 5 8606
13 1000 4 7841
14 1000 6 26282
15 1000 5 17905
16 1000 6 37984
17 1000 5 31344
18 1000 7 62767
19 1000 6 44270
20 1000 6 138132
21 1000 6 98880
22 1000 6 45384
23 1000 6 179833
24 1000 10 250438
25 1000 7 432352
26 1000 6 165339
27 1000 7 257002
28 1000 7 425681
29 1000 9 519524
30 1000 6 581039
1 10 1 158
2 10 0 204
3 10 2 385
4 10 1 270
5 10 0 260
6 10 1 512
7 10 2 1228
8 10 1 1083
9 10 2 761
10 10 1 667
11 10 2 1724
12 10 2 628
13 10 3 1437
14 10 2 1265
15 10 1 1806
16 10 2 3257
17 10 3 5140
18 10 3 3000
19 10 5 6716
20 10 2 4921
21 10 2 5135
22 10 4 8354
23 10 2 4635
24 10 3 11370
25 10 2 8529
26 10 2 4615
27 10 2 6297
28 10 4 12165
29 10 4 22839
30 10 3 6968
1 20 1 123
2 20 1 202
3 20 1 319
4 20 2 406
5 20 2 777
6 20 2 626
7 20 1 941
8 20 3 1497
9 20 2 2187
10 20 3 3032
11 20 3 1926
12 20 3 4696
13 20 3 6655
14 20 4 3546
15 20 3 3191
16 20 4 5917
17 20 4 2693
18 20 3 13100
19 20 4 18252
20 20 4 4306
21 20 4 5585
22 20 3 12603
23 20 5 10543
24 20 4 8174
25 20 4 9803
26 20 5 43864
27 20 4 9526
28 20 4 11117
29 20 4 22493
30 20 4 16121
1 50 1 94
2 50 2 213
3 50 3 403
4 50 3 599
5 50 3 747
6 50 3 505
7 50 5 386
8 50 5 1460
9 50 4 2273
10 50 4 3712
11 50 4 3992
12 50 5 12102
13 50 5 17628
14 50 5 14433
15 50 5 17635
16 50 6 20691
17 50 4 31996
18 50 4 21418
19 50 5 41471
20 50 7 33510
21 50 8 117410
22 50 6 116503
23 50 5 60586
24 50 8 235252
25 50 6 109446
26 50 6 294771
27 50 9 193099
28 50 6 101600
29 50 7 258487
30 50 10 1780777
1 75 1 175
2 75 2 227
3 75 1 327
4 75 2 450
5 75 3 739
6 75 3 1067
7 75 3 2493
8 75 4 2086
9 75 5 6114
10 75 4 4392
11 75 3 4993
12 75 5 19552
13 75 6 7586
14 75 4 17562
15 75 4 23618
16 75 5 18816
17 75 6 27287
18 75 6 51452
19 75 6 59137
20 75 6 52406
21 75 8 94768
22 75 8 109620
23 75 8 135796
24 75 5 231152
25 75 7 309577
26 75 8 426122
27 75 9 412098
28 75 8 440355
29 75 7 243493
30 75 8 1069870
1 100 1 117
2 100 2 250
3 100 2 421
4 100 2 601
5 100 2 785
6 100 4 1297
7 100 4 966
8 100 4 3147
9 100 5 2474
10 100 4 2659
11 100 5 4636
12 100 4 12391
13 100 3 8512
14 100 4 10052
15 100 5 21610
16 100 6 24937
17 100 6 47711
18 100 7 62729
19 100 5 57006
20 100 5 49592
21 100 5 36778
22 100 5 76250
23 100 6 183248
24 100 9 440831
25 100 7 215466
26 100 8 621702
27 100 6 272530
28 100 7 700031
29 100 9 829714
30 100 8 954924
1 1000 1 119
2 1000 2 221
3 1000 2 258
4 1000 3 284
5 1000 2 609
6 1000 4 550
7 1000 2 964
8 1000 4 3024
9 1000 5 3355
10 1000 5 2467
11 1000 4 7174
12 1000 4 7835
13 1000 6 18937
14 1000 6 12877
15 1000 5 30245
16 1000 6 25689
17 1000 6 32996
18 1000 7 27825
19 1000 5 51461
20 1000 8 78576
21 1000 7 113175
22 1000 9 93580
23 1000 7 209537
24 1000 7 170935
25 1000 6 126527
26 1000 8 225026
27 1000 5 317318
28 1000 6 173293
29 1000 6 115539
30 1000 7 399059
1 10 0 87
2 10 1 187
3 10 0 207
4 10 2 235
5 10 2 520
6 10 3 556
7 10 1 429
8 10 3 443
9 10 2 1724
10 10 2 795
11 10 2 1109
12 10 1 1200
13 10 2 1724
14 10 2 1997
15 10 3 3021
16 10 2 3290
17 10 3 4489
18 10 3 5191
19 10 3 3105
20 10 1 879
21 10 2 2284
22 10 2 2321
23 10 3 1518
24 10 3 2539
25 10 3 5942
26 10 4 6172
27 10 2 3694
28 10 4 14548
29 10 3 7691
30 10 3 4945
1 20 1 90
2 20 1 205
3 20 3 256
4 20 2 246
5 20 2 520
6 20 2 345
7 20 2 594
8 20 3 1405
9 20 2 422
10 20 1 924
11 20 2 1143
12 20 2 1494
13 20 3 1601
14 20 4 5501
15 20 3 2371
16 20 4 6095
17 20 4 6365
18 20 3 4050
19 20 3 3528
20 20 4 11207
21 20 3 9650
22 20 5 8860
23 20 2 4711
24 20 7 18288
25 20 6 30382
26 20 5 32208
27 20 4 21835
28 20 6 67754
29 20 3 16625
30 20 4 15178
1 50 1 66
2 50 1 162
3 50 2 196
4 50 3 225
5 50 2 582
6 50 3 571
7 50 3 867
8 50 3 1322
9 50 5 3411
10 50 4 2314
11 50 6 4517
12 50 5 7908
13 50 5 6073
14 50 4 7702
15 50 4 21403
16 50 6 14583
17 50 5 22030
18 50 6 28544
19 50 6 43603
20 50 3 16129
21 50 7 123839
22 50 6 83632
23 50 5 71811
24 50 6 343992
25 50 8 201706
26 50 7 213095
27 50 5 176331
28 50 8 1111387
29 50 7 167813
30 50 7 305479
1 75 1 113
2 75 2 244
3 75 2 287
4 75 3 309
5 75 4 410
6 75 5 457
7 75 4 1295
8 75 2 1582
9 75 4 2849
10 75 5 1640
11 75 5 7890
12 75 3 7607
13 75 6 8748
14 75 4 9732
15 75 7 35358
16 75 5 31089
17 75 8 14275
18 75 7 121218
19 75 6 41142
20 75 7 144469
21 75 8 52225
22 75 7 34267
23 75 6 216044
24 75 7 278566
25 75 5 184620
26 75 7 245859
27 75 7 146939
28 75 5 64646
29 75 8 214592
30 75 6 311676
1 100 1 132
2 100 2 211
3 100 2 352
4 100 2 451
5 100 2 616
6 100 5 410
7 100 2 961
8 100 4 1367
9 100 3 2236
10 100 4 3346
11 100 4 10209
12 100 6 4173
13 100 3 5226
14 100 5 16591
15 100 5 8158
16 100 6 17566
17 100 6 49315
18 100 8 46417
19 100 6 45333
20 100 6 58992
21 100 6 68987
22 100 6 126597
23 100 8 316693
24 100 6 139440
25 100 6 130293
26 100 8 310618
27 100 7 522132
28 100 7 380384
29 100 8 440107
30 100 11 3025495
1 1000 1 158
2 1000 1 424
3 1000 2 450
4 1000 2 521
5 1000 4 662
6 1000 3 1282
7 1000 5 1928
8 1000 4 2475
9 1000 4 6308
10 1000 5 6220
11 1000 6 7068
12 1000 4 9626
13 1000 4 21607
14 1000 4 18693
15 1000 4 47731
16 1000 6 37959
17 1000 6 87830
18 1000 6 39423
19 1000 8 93310
20 1000 6 133182
21 1000 8 331828
22 1000 6 316877
23 1000 7 174059
24 1000 6 144632
25 1000 7 558872
26 1000 5 312416
27 1000 5 290497
28 1000 8 764487
29 1000 7 644548
30 1000 7 922993
1 10 0 102
2 10 0 181
3 10 1 370
4 10 1 499
5 10 2 600
6 10 1 592
7 10 2 560
8 10 2 925
9 10 2 1840
10 10 2 1224
11 10 2 3668
12 10 2 2621
13 10 2 1931
14 10 2 1906
15 10 2 2676
16 10 3 3459
17 10 3 4086
18 10 2 7381
19 10 2 7606
20 10 4 8652
21 10 4 10721
22 10 3 23072
23 10 2 6029
24 10 4 22142
25 10 2 7769
26 10 3 6098
27 10 2 19899
28 10 2 7053
29 10 4 22855
30 10 3 22387
1 20 0 236
2 20 1 136
3 20 2 448
4 20 2 387
5 20 1 592
6 20 3 607
7 20 4 959
8 20 2 1147
9 20 2 1056
10 20 2 1652
11 20 4 2858
12 20 2 4659
13 20 2 4867
14 20 2 3101
15 20 4 6493
16 20 5 22650
17 20 4 27330
18 20 4 11577
19 20 4 41425
20 20 3 16117
21 20 3 22433
22 20 2 14317
23 20 3 25008
24 20 3 27503
25 20 5 36620
26 20 5 29700
27 20 4 25271
28 20 7 116830
29 20 4 57207
30 20 5 132266
1 50 1 245
2 50 2 356
3 50 2 423
4 50 3 670
5 50 3 646
6 50 5 1185
7 50 4 1712
8 50 5 1464
9 50 4 3346
10 50 6 3690
11 50 4 7817
12 50 4 5648
13 50 4 10615
14 50 5 23139
15 50 5 27686
16 50 5 33514
17 50 7 59002
18 50 5 60864
19 50 4 55331
20 50 7 161002
21 50 4 61798
22 50 7 284023
23 50 6 213600
24 50 6 123218
25 50 8 272166
26 50 7 97915
27 50 7 175592
28 50 7 274837
29 50 7 210310
30 50 7 350685
1 75 1 78
2 75 2 127
3 75 3 286
4 75 3 244
5 75 4 414
6 75 3 972
7 75 3 1305
8 75 5 1076
9 75 4 2497
10 75 6 3994
11 75 5 3112
12 75 3 3506
13 75 5 14499
14 75 5 17825
15 75 5 15834
16 75 5 11614
17 75 6 35791
18 75 5 23118
19 75 6 22132
20 75 5 35073
21 75 6 33435
22 75 6 72252
23 75 5 95131
24 75 9 67730
25 75 9 112842
26 75 9 407406
27 75 7 129085
28 75 8 530277
29 75 7 449500
30 75 8 1695228
1 100 1 174
2 100 2 280
3 100 2 336
4 100 3 387
5 100 3 655
6 100 3 1359
7 100 2 1540
8 100 4 1952
9 100 5 2309
10 100 5 5345
11 100 6 5232
12 100 5 16057
13 100 5 11123
14 100 6 32548
15 100 6 29914
16 100 5 20596
17 100 5 51717
18 100 6 26940
19 100 5 88991
20 100 4 43806
21 100 5 57969
22 100 7 257720
23 100 8 145964
24 100 7 216713
25 100 8 181145
26 100 8 304418
27 100 9 787081
28 100 5 318920
29 100 6 531399
30 100 9 1134919
1 1000 1 157
2 1000 1 177
3 1000 2 226
4 1000 2 526
5 1000 3 637
6 1000 3 964
7 1000 4 1856
8 1000 4 2362
9 1000 3 2636
10 1000 5 7651
11 1000 4 11675
12 1000 6 10188
13 1000 6 18880
14 1000 6 17216
15 1000 5 17277
16 1000 7 34524
17 1000 6 32047
18 1000 6 82319
19 1000 4 33866
20 1000 7 76673
21 1000 7 164029
22 1000 6 90355
23 1000 7 84261
24 1000 7 167535
25 1000 7 206386
26 1000 8 169844
27 1000 7 260084
28 1000 8 365590
29 1000 9 463017
30 1000 6 448234
1 10 0 107
2 10 1 200
3 10 1 300
4 10 1 326
5 10 1 255
6 10 1 313
7 10 2 721
8 10 1 445
9 10 1 445
10 10 1 524
11 10 1 769
12 10 2 1660
13 10 2 1697
14 10 3 2201
15 10 3 1392
16 10 3 6715
17 10 1 1291
18 10 3 3140
19 10 3 4671
20 10 1 3781
21 10 1 3042
22 10 3 11882
23 10 3 6819
24 10 3 5988
25 10 3 3443
26 10 3 7040
27 10 4 9159
28 10 4 14251
29 10 4 20090
30 10 2 7476
1 20 1 111
2 20 2 188
3 20 1 332
4 20 2 431
5 20 2 344
6 20 2 692
7 20 2 543
8 20 3 1438
9 20 3 1481
10 20 2 1567
11 20 3 1901
12 20 1 2700
13 20 2 2342
14 20 4 4908
15 20 2 5217
16 20 3 4424
17 20 3 7432
18 20 3 8004
19 20 5 17192
20 20 2 4601
21 20 7 57248
22 20 3 17155
23 20 4 14118
24 20 3 23885
25 20 6 63277
26 20 7 28310
27 20 6 60048
28 20 4 17119
29 20 3 16279
30 20 6 74606
1 50 1 108
2 50 2 211
3 50 3 327
4 50 2 440
5 50 3 716
6 50 2 1023
7 50 3 1174
8 50 3 1448
9 50 3 3338
10 50 4 2813
11 50 4 5837
12 50 4 6230
13 50 5 4809
14 50 8 9513
15 50 4 10080
16 50 5 28323
17 50 5 27575
18 50 5 24560
19 50 5 59629
20 50 5 63467
21 50 6 53531
22 50 5 61837
23 50 8 293162
24 50 6 87168
25 50 9 431931
26 50 5 74933
27 50 6 223693
28 50 7 577464
29 50 8 629705
30 50 10 1440581
1 75 1 107
2 75 2 212
3 75 2 289
4 75 3 356
5 75 2 665
6 75 3 919
7 75 4 1340
8 75 4 1014
9 75 5 3278
10 75 8 2344
11 75 4 6761
12 75 4 7216
13 75 4 9406
14 75 5 15380
15 75 6 16774
16 75 4 11008
17 75 7 29569
18 75 6 37770
19 75 5 11572
20 75 6 49052
21 75 7 73293
22 75 6 119844
23 75 9 68889
24 75 8 270718
25 75 9 209008
26 75 7 362424
27 75 7 1046777
28 75 6 431630
29 75 9 1295762
30 75 7 1383167
1 100 1 263
2 100 1 406
3 100 1 448
4 100 2 874
5 100 2 1057
6 100 3 1884
7 100 4 1440
8 100 3 2699
9 100 3 3723
10 100 5 7314
11 100 5 7290
12 100 6 8936
13 100 5 22853
14 100 5 36268
15 100 6 39331
16 100 5 39822
17 100 9 73876
18 100 6 89720
19 100 5 67903
20 100 7 90900
21 100 7 270280
22 100 7 98970
23 100 6 222929
24 100 5 183295
25 100 7 190132
26 100 7 541013
27 100 7 1038154
28 100 8 367126
29 100 8 525895
30 100 9 564225
1 1000 1 74
2 1000 1 127
3 1000 2 151
4 1000 3 200
5 1000 3 514
6 1000 4 1324
7 1000 4 1538
8 1000 5 767
9 1000 4 1163
10 1000 4 3002
11 1000 4 3115
12 1000 5 12980
13 1000 4 6880
14 1000 6 4912
15 1000 7 18107
16 1000 4 14603
17 1000 4 21831
18 1000 6 27024
19 1000 5 20620
20 1000 5 25148
21 1000 6 93307
22 1000 7 238837
23 1000 7 104154
24 1000 6 71366
25 1000 5 164457
26 1000 5 74484
27 1000 6 301808
28 1000 8 602315
29 1000 7 369848
30 1000 12 2413606
1 10 1 119
2 10 1 177
3 10 1 194
4 10 2 320
5 10 0 242
6 10 2 488
7 10 1 352
8 10 2 651
9 10 3 532
10 10 2 727
11 10 1 845
12 10 1 1002
13 10 2 2097
14 10 2 2686
15 10 1 1513
16 10 2 1685
17 10 2 2209
18 10 2 4517
19 10 3 8609
20 10 2 4839
21 10 4 9719
22 10 4 6077
23 10 4 6824
24 10 4 21518
25 10 2 6168
26 10 5 24181
27 10 3 27877
28 10 2 8247
29 10 3 15100
30 10 3 28230
1 20 0 110
2 20 1 135
3 20 2 454
4 20 2 222
5 20 1 656
6 20 3 678
7 20 2 1438
8 20 2 1429
9 20 2 1717
10 20 1 1791
11 20 2 2996
12 20 4 5755
13 20 3 9141
14 20 3 5032
15 20 3 12016
16 20 3 5782
17 20 5 12836
18 20 3 10653
19 20 5 20884
20 20 2 9867
21 20 4 13245
22 20 3 17926
23 20 5 27503
24 20 4 24996
25 20 5 59642
26 20 4 42789
27 20 7 174428
28 20 6 269885
29 20 8 276529
30 20 5 58121
1 50 1 97
2 50 1 203
3 50 2 444
4 50 2 609
5 50 2 1012
6 50 4 1200
7 50 4 1027
8 50 4 2637
9 50 4 3843
10 50 4 5014
11 50 5 7198
12 50 5 21134
13 50 7 21736
14 50 4 16741
15 50 6 48724
16 50 6 22763
17 50 4 27860
18 50 5 37984
19 50 5 98233
20 50 4 89976
21 50 5 81112
22 50 6 336237
23 50 6 176280
24 50 5 123300
25 50 5 77763
26 50 9 715962
27 50 7 849606
28 50 8 864868
29 50 6 604066
30 50 6 303258
1 75 1 235
2 75 1 386
3 75 2 407
4 75 2 521
5 75 2 716
6 75 3 1008
7 75 3 3360
8 75 6 857
9 75 4 5991
10 75 5 4190
11 75 3 11625
12 75 6 16287
13 75 4 11930
14 75 6 16837
15 75 6 22217
16 75 7 23215
17 75 5 14758
18 75 7 30742
19 75 6 37630
20 75 5 36930
21 75 9 129125
22 75 5 36116
23 75 6 120953
24 75 8 209945
25 75 7 131762
26 75 7 197208
27 75 9 364693
28 75 7 538028
29 75 8 489098
30 75 7 730748
1 100 1 57
2 100 2 129
3 100 2 202
4 100 2 276
5 100 2 668
6 100 4 842
7 100 5 1301
8 100 4 1551
9 100 3 1803
10 100 4 2819
11 100 5 3244
12 100 4 8728
13 100 5 11352
14 100 5 5979
15 100 6 27528
16 100 6 15459
17 100 4 20309
18 100 5 41957
19 100 7 48892
20 100 5 58553
21 100 7 58790
22 100 9 212159
23 100 9 316166
24 100 5 57933
25 100 7 69073
26 100 6 102729
27 100 7 586934
28 100 7 500343
29 100 7 406517
30 100 9 587303
1 1000 1 82
2 1000 2 155
3 1000 3 232
4 1000 3 274
5 1000 4 346
6 1000 4 667
7 1000 4 785
8 1000 4 1484
9 1000 5 1211
10 1000 3 3967
11 1000 5 7520
12 1000 4 8798
13 1000 5 10927
14 1000 6 10415
15 1000 7 21982
16 1000 5 21949
17 1000 5 20518
18 1000 7 68020
19 1000 6 43505
20 1000 7 194449
21 1000 5 133236
22 1000 6 265452
23 1000 5 270686
24 1000 7 268417
25 1000 8 439475
26 1000 5 103579
27 1000 7 419940
28 1000 5 283183
29 1000 10 879088
30 1000 6 400070
1 10 1 82
2 10 2 151
3 10 0 145
4 10 2 286
5 10 1 268
6 10 1 374
7 10 2 668
8 10 2 586
9 10 1 283
10 10 2 903
11 10 3 912
12 10 2 919
13 10 2 2646
14 10 3 1446
15 10 3 5585
16 10 3 3193
17 10 2 2201
18 10 4 3154
19 10 3 1914
20 10 3 4650
21 10 4 2195
22 10 3 6630
23 10 1 1658
24 10 4 7485
25 10 3 5926
26 10 1 2080
27 10 3 9298
28 10 4 15263
29 10 4 7872
30 10 3 4497
1 20 0 98
2 20 1 206
3 20 2 432
4 20 2 263
5 20 2 639
6 20 3 522
7 20 1 566
8 20 2 1043
9 20 4 1851
10 20 2 1738
11 20 3 1924
12 20 5 2028
13 20 4 5101
14 20 5 2671
15 20 4 3343
16 20 3 4215
17 20 7 11882
18 20 3 7585
19 20 3 5213
20 20 4 8916
21 20 3 7872
22 20 5 21082
23 20 2 10494
24 20 5 27262
25 20 4 11806
26 20 5 34960
27 20 4 25357
28 20 4 31540
29 20 5 22103
30 20 4 17731
1 50 1 81
2 50 2 199
3 50 2 286
4 50 3 398
5 50 3 437
6 50 4 583
7 50 5 696
8 50 3 1301
9 50 3 1861
10 50 2 3052
11 50 5 2788
12 50 5 5898
13 50 4 4214
14 50 5 14566
15 50 6 11715
16 50 6 14522
17 50 5 15855
18 50 5 53115
19 50 5 35052
20 50 4 25632
21 50 4 47878
22 50 6 87914
23 50 6 56540
24 50 6 95456
25 50 6 111685
26 50 9 110676
27 50 9 458852
28 50 6 156357
29 50 5 127990
30 50 7 473439
1 75 1 110
2 75 2 211
3 75 2 276
4 75 2 352
5 75 3 479
6 75 4 928
7 75 4 1179
8 75 6 1506
9 75 4 2483
10 75 4 2099
11 75 3 4338
12 75 4 5401
13 75 6 18120
14 75 5 14022
15 75 5 12605
16 75 7 23790
17 75 7 33429
18 75 6 23546
19 75 6 42594
20 75 5 44470
21 75 6 35883
22 75 6 58742
23 75 5 48688
24 75 6 88705
25 75 9 556969
26 75 7 384104
27 75 8 203418
28 75 8 216604
29 75 7 265874
30 75 7 497007
1 100 1 107
2 100 2 191
3 100 1 178
4 100 2 407
5 100 3 260
6 100 3 849
7 100 3 1079
8 100 6 1019
9 100 5 1689
10 100 4 1750
11 100 5 7080
12 100 6 6341
13 100 6 19946
14 100 5 9328
15 100 5 20152
16 100 6 24294
17 100 6 54171
18 100 5 33268
19 100 7 43326
20 100 7 46610
21 100 7 72732
22 100 5 58678
23 100 8 161845
24 100 6 44190
25 100 10 340821
26 100 8 217538
27 100 6 141727
28 100 6 134669
29 100 9 568941
30 100 5 79717
1 1000 1 68
2 1000 2 125
3 1000 2 186
4 1000 3 266
5 1000 4 314
6 1000 3 844
7 1000 3 1101
8 1000 4 1640
9 1000 4 1905
10 1000 5 3119
11 1000 3 3146
12 1000 5 7702
13 1000 6 10397
14 1000 5 4676
15 1000 6 16005
16 1000 5 16187
17 1000 6 16814
18 1000 6 63314
19 1000 5 33002
20 1000 6 38759
21 1000 5 43478
22 1000 7 48299
23 1000 7 129556
24 1000 6 77031
25 1000 7 150560
26 1000 8 291578
27 1000 5 112590
28 1000 8 168393
29 1000 7 386173
30 1000 6 294421
1 10 0 92
2 10 1 145
3 10 1 139
4 10 1 188
5 10 1 300
6 10 2 384
7 10 2 295
8 10 2 397
9 10 1 517
10 10 3 1056
11 10 2 517
12 10 2 851
13 10 2 769
14 10 1 578
15 10 3 1156
16 10 2 1578
17 10 2 2272
18 10 1 936
19 10 3 1503
20 10 2 3613
21 10 4 6960
22 10 4 3913
23 10 2 2774
24 10 3 5832
25 10 3 5182
26 10 2 4540
27 10 3 5213
28 10 4 9990
29 10 2 2526
30 10 4 7099
1 20 1 95
2 20 0 143
3 20 1 205
4 20 2 481
5 20 2 498
6 20 2 808
7 20 1 906
8 20 3 773
9 20 3 1513
10 20 3 2057
11 20 4 2692
12 20 4 5513
13 20 2 2410
14 20 2 3245
15 20 4 3718
16 20 2 2188
17 20 4 4301
18 20 3 7505
19 20 5 10153
20 20 5 19333
21 20 5 22400
22 20 4 13316
23 20 3 7529
24 20 7 41132
25 20 5 21305
26 20 3 23104
27 20 4 26117
28 20 4 46675
29 20 7 83794
30 20 4 21141
1 50 1 103
2 50 2 202
3 50 2 323
4 50 3 441
5 50 2 452
6 50 3 794
7 50 3 2433
8 50 3 1634
9 50 3 1350
10 50 4 2123
11 50 4 2005
12 50 5 7735
13 50 5 9482
14 50 5 8948
15 50 5 16526
16 50 6 45154
17 50 6 31489
18 50 6 50626
19 50 6 53151
20 50 5 30170
21 50 6 78386
22 50 6 33615
23 50 6 47565
24 50 6 151280
25 50 7 24308
26 50 7 169898
27 50 6 436517
28 50 7 265058
29 50 7 269518
30 50 7 189507
1 75 1 105
2 75 2 129
3 75 3 319
4 75 3 239
5 75 4 308
6 75 3 1259
7 75 5 756
8 75 4 2902
9 75 3 2698
10 75 5 4099
11 75 4 3832
12 75 6 4234
13 75 4 8931
14 75 6 8129
15 75 5 13570
16 75 7 16074
17 75 6 52027
18 75 6 33754
19 75 5 31518
20 75 7 150235
21 75 5 50338
22 75 7 45255
23 75 6 99377
24 75 7 370214
25 75 8 86020
26 75 8 368450
27 75 5 113217
28 75 6 435804
29 75 8 463707
30 75 7 259136
1 100 1 81
2 100 2 133
3 100 1 195
4 100 3 252
5 100 3 436
6 100 5 362
7 100 5 1076
8 100 4 1850
9 100 5 3893
10 100 7 1945
11 100 5 9655
12 100 5 9619
13 100 6 10179
14 100 4 5088
15 100 6 22284
16 100 5 15249
17 100 6 21574
18 100 7 28689
19 100 6 61851
20 100 8 122045
21 100 7 65477
22 100 9 170698
23 100 7 181586
24 100 7 212343
25 100 6 80547
26 100 6 65477
27 100 8 239876
28 100 7 661477
29 100 7 353937
30 100 8 266070
1 1000 1 120
2 1000 2 276
3 1000 1 339
4 1000 2 607
5 1000 2 898
6 1000 4 833
7 1000 5 665
8 1000 3 2478
9 1000 4 1429
10 1000 4 3019
11 1000 5 4264
12 1000 4 4650
13 1000 4 6502
14 1000 6 17849
15 1000 6 12258
16 1000 5 12942
17 1000 6 18777
18 1000 6 81351
19 1000 5 29330
20 1000 8 56038
21 1000 8 150628
22 1000 7 98467
23 1000 5 82885
24 1000 7 80620
25 1000 6 44346
26 1000 8 176870
27 1000 7 315004
28 1000 8 275257
29 1000 8 440105
30 1000 10 2497287
1 10 0 110
2 10 0 117
3 10 0 185
4 10 0 233
5 10 2 349
6 10 2 320
7 10 1 384
8 10 0 275
9 10 1 649
10 10 1 419
11 10 2 1334
12 10 1 890
13 10 2 880
14 10 3 1789
15 10 2 2230
16 10 3 3274
17 10 2 2408
18 10 3 1776
19 10 4 3810
20 10 2 1494
21 10 1 1648
22 10 1 1875
23 10 2 2207
24 10 3 3888
25 10 3 3278
26 10 2 2761
27 10 4 16760
28 10 4 8207
29 10 2 6828
30 10 3 10028
1 20 1 105
2 20 1 162
3 20 1 199
4 20 2 341
5 20 1 292
6 20 1 764
7 20 1 457
8 20 1 307
9 20 2 1482
10 20 3 1435
11 20 3 3128
12 20 4 1225
13 20 2 1990
14 20 4 4782
15 20 3 3482
16 20 4 4356
17 20 4 9366
18 20 2 3245
19 20 5 10631
20 20 4 3443
21 20 3 5128
22 20 4 6639
23 20 3 13130
24 20 6 32500
25 20 3 4848
26 20 5 23267
27 20 6 22521
28 20 7 26100
29 20 6 45316
30 20 3 16488
1 50 1 78
2 50 1 156
3 50 3 244
4 50 2 251
5 50 3 415
6 50 2 697
7 50 4 861
8 50 4 1481
9 50 6 1763
10 50 4 2196
11 50 5 4101
12 50 6 5295
13 50 4 3175
14 50 7 10879
15 50 5 22121
16 50 5 17632
17 50 3 12642
18 50 5 36327
19 50 4 17412
20 50 6 68852
21 50 5 31089
22 50 5 51214
23 50 6 79864
24 50 8 136865
25 50 6 171451
26 50 8 138965
27 50 8 422275
28 50 8 211490
29 50 10 356889
30 50 7 299177
1 75 1 87
2 75 2 152
3 75 1 193
4 75 3 199
5 75 2 465
6 75 3 622
7 75 2 980
8 75 4 1430
9 75 5 3523
10 75 6 2317
11 75 4 5115
12 75 6 5770
13 75 3 7839
14 75 5 8094
15 75 4 14421
16 75 6 34032
17 75 5 28846
18 75 5 36988
19 75 8 37925
20 75 5 25416
21 75 6 33265
22 75 5 98983
23 75 6 116030
24 75 7 147203
25 75 6 101036
26 75 5 191025
27 75 8 204895
28 75 7 168541
29 75 7 347454
30 75 11 968249
1 100 1 178
2 100 2 224
3 100 2 293
4 100 3 272
5 100 2 609
6 100 3 830
7 100 4 1188
8 100 4 1652
9 100 4 2028
10 100 5 3063
11 100 4 4825
12 100 6 3983
13 100 6 19020
14 100 8 9881
15 100 7 33251
16 100 4 18349
17 100 5 16152
18 100 5 28050
19 100 5 41379
20 100 8 42917
21 100 7 75898
22 100 6 53339
23 100 6 47137
24 100 7 58797
25 100 7 200115
26 100 6 401406
27 100 8 340909
28 100 7 504969
29 100 7 292871
30 100 7 252307
1 1000 1 107
2 1000 2 209
3 1000 3 351
4 1000 3 327
5 1000 3 855
6 1000 2 1034
7 1000 4 1496
8 1000 4 1017
9 1000 4 2824
10 1000 6 3286
11 1000 5 4784
12 1000 3 5591
13 1000 5 5114
14 1000 6 14465
15 1000 7 18211
16 1000 5 21299
17 1000 6 14335
18 1000 5 28228
19 1000 4 24087
20 1000 8 127018
21 1000 7 31095
22 1000 8 145446
23 1000 5 49972
24 1000 6 86342
25 1000 6 204598
26 1000 7 220025
27 1000 9 194566
28 1000 7 130670
29 1000 6 211906
30 1000 7 472674
1 10 0 122
2 10 0 165
3 10 1 326
4 10 1 288
5 10 2 332
6 10 1 276
7 10 3 816
8 10 2 1376
9 10 3 1136
10 10 1 664
11 10 2 673
12 10 2 1107
13 10 4 2453
14 10 5 1325
15 10 2 1592
16 10 1 2057
17 10 2 1527
18 10 4 6956
19 10 1 1025
20 10 2 3490
21 10 3 2378
22 10 2 2089
23 10 3 2820
24 10 4 3874
25 10 4 6847
26 10 1 2001
27 10 2 3749
28 10 4 7226
29 10 2 6420
30 10 4 6042
1 20 1 70
2 20 1 130
3 20 2 141
4 20 2 321
5 20 1 419
6 20 1 483
7 20 2 777
8 20 2 774
9 20 3 819
10 20 3 788
11 20 4 1962
12 20 2 1318
13 20 3 3008
14 20 3 1660
15 20 3 4912
16 20 3 2672
17 20 4 12909
18 20 6 12318
19 20 4 8439
20 20 3 5869
21 20 5 7895
22 20 5 13215
23 20 6 49784
24 20 6 26552
25 20 4 13281
26 20 4 14794
27 20 6 31701
28 20 5 22862
29 20 7 74953
30 20 6 138435
1 50 1 106
2 50 2 213
3 50 2 323
4 50 2 486
5 50 2 584
6 50 3 920
7 50 3 1106
8 50 4 2312
9 50 4 3737
10 50 4 3306
11 50 6 2847
12 50 6 7187
13 50 6 7736
14 50 5 17571
15 50 6 39668
16 50 5 21751
17 50 6 26037
18 50 5 28529
19 50 7 32301
20 50 5 29708
21 50 7 205263
22 50 6 87646
23 50 6 73526
24 50 7 139631
25 50 5 74847
26 50 6 78568
27 50 6 172761
28 50 7 304885
29 50 9 382331
30 50 9 1786797
1 75 1 70
2 75 2 155
3 75 3 252
4 75 3 273
5 75 2 375
6 75 4 690
7 75 4 1266
8 75 4 1910
9 75 4 1899
10 75 5 2294
11 75 5 9086
12 75 5 6174
13 75 3 6132
14 75 6 14820
15 75 4 9808
16 75 6 34953
17 75 5 42649
18 75 6 24205
19 75 6 54089
20 75 10 113887
21 75 6 92453
22 75 7 104704
23 75 6 73567
24 75 6 158762
25 75 6 91403
26 75 8 433925
27 75 7 527626
28 75 8 283293
29 75 7 383622
30 75 5 163004
1 100 1 103
2 100 2 206
3 100 3 232
4 100 3 332
5 100 3 817
6 100 3 1031
7 100 4 1541
8 100 4 2125
9 100 4 1594
10 100 3 3292
11 100 5 7514
12 100 5 6096
13 100 5 9188
14 100 8 15198
15 100 5 17916
16 100 5 18376
17 100 6 37212
18 100 5 26755
19 100 5 15080
20 100 7 54061
21 100 6 56891
22 100 6 81965
23 100 7 93419
24 100 7 171986
25 100 9 319381
26 100 5 136013
27 100 8 161940
28 100 6 201368
29 100 6 358790
30 100 5 174189
1 1000 1 105
2 1000 1 198
3 1000 2 303
4 1000 4 422
5 1000 5 529
6 1000 5 734
7 1000 4 4834
8 1000 3 2761
9 1000 3 2657
10 1000 3 3620
11 1000 5 5186
12 1000 6 7540
13 1000 4 8883
14 1000 8 9596
15 1000 5 15279
16 1000 5 21480
17 1000 6 35552
18 1000 5 45994
19 1000 5 37395
20 1000 7 58574
21 1000 5 45783
22 1000 5 46180
23 1000 8 219185
24 1000 7 148374
25 1000 5 136902
26 1000 6 162914
27 1000 8 220466
28 1000 6 163574
29 1000 7 622365
30 1000 8 473548