test_set n r res t
10 10 10 6800
10 20 10 5806
11 20 11 9843
12 20 12 7166
13 20 13 8163
14 20 14 9011
15 20 15 10301
16 20 16 11533
17 20 17 12019
18 20 18 13231
19 20 19 14486
20 20 20 18001
10 50 10 6304
11 50 11 6597
12 50 12 7174
13 50 13 8752
14 50 14 9244
15 50 15 10619
16 50 16 14166
17 50 17 12862
18 50 18 14250
19 50 19 15431
20 50 20 16858
21 50 21 18225
22 50 22 19870
23 50 23 21254
24 50 24 22924
25 50 25 26671
26 50 26 25947
27 50 27 27394
28 50 28 29549
29 50 29 32898
30 50 30 32592
10 75 10 6101
11 75 11 6438
12 75 12 7530
13 75 13 8619
14 75 14 9202
15 75 15 10688
16 75 16 11045
17 75 17 12785
18 75 18 13070
19 75 19 16000
20 75 20 16070
21 75 21 18079
22 75 22 19461
23 75 23 21466
24 75 24 22508
25 75 25 24167
26 75 26 27348
27 75 27 27506
28 75 28 29655
29 75 29 31088
30 75 30 33165
10 100 10 5953
11 100 11 6258
12 100 12 7485
13 100 13 8702
14 100 14 9292
15 100 15 10228
16 100 16 11774
17 100 17 12476
18 100 18 14285
19 100 19 15573
20 100 20 15995
21 100 21 17871
22 100 22 18938
23 100 23 20613
24 100 24 22387
25 100 25 26597
26 100 26 26391
27 100 27 27387
28 100 28 28786
29 100 29 31250
30 100 30 33176