10 10 10 27905
10 20 10 28777
11 20 11 59634
12 20 12 113517
13 20 13 163411
14 20 14 335048
15 20 15 831148
16 20 16 1380366
17 20 17 3050809
18 20 18 5705778
19 20 19 11176226
20 20 20 21600929
10 50 10 19919
11 50 11 50626
12 50 12 79337
13 50 13 168168
14 50 14 328323
15 50 15 659410
16 50 16 1291033
17 50 17 2617012
18 50 18 5267043
19 50 19 10515689
20 50 20 21632599
21 50 21 50639914
22 50 22 96185135
23 50 23 189794317
24 50 24 359538765
25 50 25 670442247
26 50 26 1383433091
27 50 27 2729019869
28 50 28 5526687220
29 50 29 11085311471
30 50 30 21912539037
10 75 10 20001
11 75 11 39483
12 75 12 78780
13 75 13 157613
14 75 14 315027
15 75 15 633554
16 75 16 1275467
17 75 17 2529314
18 75 18 5144586
19 75 19 10355199
20 75 20 21574846
21 75 21 46701433
22 75 22 89047027
23 75 23 177178336
24 75 24 339900153
25 75 25 683623687
26 75 26 1389683621
27 75 27 2725903491
28 75 28 5482944557
29 75 29 10895954286
30 75 30 21749592534
10 100 10 19884
11 100 11 39284
12 100 12 78820
13 100 13 157486
14 100 14 333547
15 100 15 630046
16 100 16 1267906
17 100 17 2767193
18 100 18 5293668
19 100 19 11375859
20 100 20 20841032
21 100 21 41829718
22 100 22 86956455
23 100 23 193717057
24 100 24 366505489
25 100 25 672672221
26 100 26 1347206294
27 100 27 2742666366
28 100 28 5435228873
29 100 29 10893280801
30 100 30 21982387994