n r res t
1000 1000 41 23271386
1000 1500 52 32739819
1000 2000 62 30884960
1000 2500 65 28547994
1000 3000 63 29955931
1000 3500 71 33835667
1000 4000 76 39792252
1000 4500 76 42094419
1000 5000 84 46937220
1000 5500 83 49260563
1000 6000 99 53928353
1000 6500 94 60743603
1000 7000 106 60535041
1000 7500 104 64005065
1000 8000 100 67374306
1000 8500 114 73726315
1000 9000 105 76622679
1000 9500 119 79831501
1000 10000 100 83456565
1500 1000 48 27793286
1500 1500 55 26781381
1500 2000 61 35159434
1500 2500 71 41151333
1500 3000 70 50107347
1500 3500 76 51668976
1500 4000 79 58673525
1500 4500 79 64646681
1500 5000 94 72772714
1500 5500 89 81259730
1500 6000 101 85858802
1500 6500 97 93258890
1500 7000 107 92818961
1500 7500 104 97533753
1500 8000 109 107134371
1500 8500 107 113738771
1500 9000 122 120370338
1500 9500 121 129164930
1500 10000 125 137424862
2000 1000 50 33263845
2000 1500 60 36585391
2000 2000 67 47257765
2000 2500 71 59478517
2000 3000 74 67589676
2000 3500 86 75619003
2000 4000 80 84811034
2000 4500 81 93993740
2000 5000 92 102533715
2000 5500 113 118596529
2000 6000 110 118859247
2000 6500 116 127511306
2000 7000 105 129097524
2000 7500 109 138459840
2000 8000 110 153712515
2000 8500 114 160169207
2000 9000 120 165312810
2000 9500 128 170374901
2000 10000 131 189105857
2500 1000 50 32523664
2500 1500 56 44841766
2500 2000 64 57081017
2500 2500 78 67707256
2500 3000 76 79924227
2500 3500 77 93965166
2500 4000 92 99584790
2500 4500 90 108855112
2500 5000 100 120087056
2500 5500 99 133846900
2500 6000 108 141710655
2500 6500 117 151603836
2500 7000 106 161227405
2500 7500 121 172038802
2500 8000 124 183758114
2500 8500 117 195350397
2500 9000 132 201523892
2500 9500 120 211007073
2500 10000 139 224038322
3000 1000 52 41654575
3000 1500 56 57761819
3000 2000 67 76333927
3000 2500 82 86442181
3000 3000 83 96736709
3000 3500 83 106970137
3000 4000 92 123086963
3000 4500 99 134650784
3000 5000 106 144923015
3000 5500 102 160979738
3000 6000 110 174193498
3000 6500 108 189504256
3000 7000 127 205534266
3000 7500 115 217041960
3000 8000 120 226053674
3000 8500 112 242363617
3000 9000 126 247859290
3000 9500 125 254945530
3000 10000 132 264733971
3500 1000 50 47058876
3500 1500 64 67954236
3500 2000 73 80993051
3500 2500 80 99880171
3500 3000 91 114369510
3500 3500 94 129765212
3500 4000 85 157679876
3500 4500 97 166485935
3500 5000 105 174758068
3500 5500 105 191317435
3500 6000 105 204879237
3500 6500 118 222615761
3500 7000 121 230832014
3500 7500 123 246803004
3500 8000 133 265255646
3500 8500 127 273528088
3500 9000 133 289101517
3500 9500 142 303698347
3500 10000 139 324571378
4000 1000 46 54865249
4000 1500 69 72258503
4000 2000 77 90161945
4000 2500 81 110577831
4000 3000 89 130662665
4000 3500 96 150769221
4000 4000 88 168504704
4000 4500 96 191881444
4000 5000 98 200010116
4000 5500 116 219597412
4000 6000 115 232080013
4000 6500 115 249883978
4000 7000 131 267359326
4000 7500 128 283096932
4000 8000 138 303573994
4000 8500 126 321272864
4000 9000 132 340707353
4000 9500 148 352298476
4000 10000 140 377797336
4500 1000 51 92083560
4500 1500 61 78301387
4500 2000 72 102503019
4500 2500 81 124127859
4500 3000 77 143878090
4500 3500 87 166299980
4500 4000 108 190467303
4500 4500 99 203688443
4500 5000 106 225608870
4500 5500 102 247355399
4500 6000 113 264122352
4500 6500 125 282475571
4500 7000 127 301440309
4500 7500 116 315114502
4500 8000 133 343749630
4500 8500 126 365054910
4500 9000 139 371980354
4500 9500 138 392370457
4500 10000 144 410203927
5000 1000 56 71390065
5000 1500 62 92204821
5000 2000 73 126915911
5000 2500 81 145609160
5000 3000 89 169127386
5000 3500 87 208133656
5000 4000 100 235761784
5000 4500 95 264812063
5000 5000 107 277278230
5000 5500 117 315573775
5000 6000 123 335251217
5000 6500 119 346777890
5000 7000 128 373823382
5000 7500 129 401987534
5000 8000 134 420836910
5000 8500 144 444683877
5000 9000 132 460040657
5000 9500 136 491824790
5000 10000 150 503377763
5500 1000 59 96242811
5500 1500 70 100419582
5500 2000 80 135377123
5500 2500 85 156359451
5500 3000 94 187856524
5500 3500 92 224813364
5500 4000 104 247489743
5500 4500 109 284669536
5500 5000 118 296803828
5500 5500 113 348771880
5500 6000 116 373804388
5500 6500 120 384565027
5500 7000 135 408386613
5500 7500 128 443665184
5500 8000 128 476448654
5500 8500 132 508014891
5500 9000 142 532281706
5500 9500 143 557629876
5500 10000 136 562872125
6000 1000 56 87811980
6000 1500 69 112129834
6000 2000 72 146492588
6000 2500 88 174279973
6000 3000 95 210051331
6000 3500 108 253598095
6000 4000 94 279560254
6000 4500 104 307954642
6000 5000 115 330967434
6000 5500 104 376560153
6000 6000 119 388938000
6000 6500 125 431635822
6000 7000 125 447680524
6000 7500 125 477415025
6000 8000 130 518882374
6000 8500 147 542166770
6000 9000 138 568347835
6000 9500 143 611799157
6000 10000 149 618853262
6500 1000 56 109982163
6500 1500 79 128415720
6500 2000 74 156935965
6500 2500 90 188916350
6500 3000 87 227841090
6500 3500 93 263092537
6500 4000 101 306144036
6500 4500 111 343181921
6500 5000 110 372319169
6500 5500 127 429037105
6500 6000 125 437344899
6500 6500 124 482481071
6500 7000 124 499096072
6500 7500 142 543594679
6500 8000 140 629930130
6500 8500 132 607159570
6500 9000 145 665998069
6500 9500 139 672504797
6500 10000 143 719563824
7000 1000 57 115611129
7000 1500 71 138761980
7000 2000 85 167262364
7000 2500 79 211907991
7000 3000 88 248510740
7000 3500 102 305449146
7000 4000 110 349472167
7000 4500 111 370216127
7000 5000 112 399474797
7000 5500 120 478877566
7000 6000 119 466096594
7000 6500 123 524729460
7000 7000 139 562487479
7000 7500 135 589458232
7000 8000 138 622249210
7000 8500 130 654382994
7000 9000 144 675123854
7000 9500 147 793905716
7000 10000 143 873388044
7500 1000 60 108870811
7500 1500 76 138206684
7500 2000 75 178569544
7500 2500 102 226780017
7500 3000 85 291166064
7500 3500 102 316733393
7500 4000 105 395683998
7500 4500 104 405663525
7500 5000 118 455145842
7500 5500 123 523952041
7500 6000 126 545037282
7500 6500 131 550485563
7500 7000 138 606833083
7500 7500 139 646711132
7500 8000 132 710660629
7500 8500 152 792791189
7500 9000 149 779580870
7500 9500 148 813447048
7500 10000 148 823561898
8000 1000 59 110983455
8000 1500 68 171182904
8000 2000 76 196604153
8000 2500 94 246096441
8000 3000 103 297632800
8000 3500 98 346591758
8000 4000 103 387491727
8000 4500 112 430042060
8000 5000 115 485534498
8000 5500 125 579700187
8000 6000 115 574658597
8000 6500 116 613497427
8000 7000 126 667274812
8000 7500 130 704491968
8000 8000 133 794599122
8000 8500 137 865091339
8000 9000 148 841469825
8000 9500 150 868113540
8000 10000 154 1013925252
8500 1000 53 140324788
8500 1500 69 171179134
8500 2000 74 214277814
8500 2500 88 262494429
8500 3000 95 317320008
8500 3500 102 384767467
8500 4000 110 408929480
8500 4500 108 468270958
8500 5000 119 550751044
8500 5500 114 699345903
8500 6000 116 612247981
8500 6500 141 634111850
8500 7000 129 700844480
8500 7500 137 772286565
8500 8000 148 852892105
8500 8500 138 866624854
8500 9000 151 918245877
8500 9500 140 940431427
8500 10000 156 968516683
9000 1000 57 124738714
9000 1500 68 169976716
9000 2000 80 219369944
9000 2500 88 281801376
9000 3000 102 335031106
9000 3500 91 378939376
9000 4000 109 445488079
9000 4500 107 567316007
9000 5000 115 614791909
9000 5500 125 719374107
9000 6000 120 656985318
9000 6500 119 687736539
9000 7000 132 780114453
9000 7500 131 834125286
9000 8000 139 913860481
9000 8500 138 910725213
9000 9000 157 1019061322
9000 9500 149 1019902962
9000 10000 157 1063613002
9500 1000 56 138955584
9500 1500 71 181924320
9500 2000 79 235219117
9500 2500 82 294211491
9500 3000 101 349168480
9500 3500 101 410809881
9500 4000 103 467718809
9500 4500 112 524217779
9500 5000 124 583675925
9500 5500 118 753588587
9500 6000 135 725518556
9500 6500 124 742702527
9500 7000 142 824053231
9500 7500 137 857855062
9500 8000 145 980343446
9500 8500 158 978746025
9500 9000 155 1023407722
9500 9500 164 1109217468
9500 10000 153 1132849117
10000 1000 62 174446470
10000 1500 73 200040777
10000 2000 87 262574217
10000 2500 87 316776202
10000 3000 98 409380805
10000 3500 105 450124876
10000 4000 113 511464992
10000 4500 125 575146182
10000 5000 117 628246370
10000 5500 124 832151540
10000 6000 130 747998579
10000 6500 127 820664365
10000 7000 146 914844936
10000 7500 146 955222635
10000 8000 140 1056687882
10000 8500 164 1101781270
10000 9000 139 1142699353
10000 9500 158 1225231114
10000 10000 151 1249565856