test_set n r res t
1 1 1 0 504
1 2 1 0 155
1 3 1 0 151
1 4 1 0 214
1 5 1 0 144
1 6 1 0 307
1 7 1 1 456
1 8 1 0 356
1 9 1 0 348
1 10 1 0 239
1 11 1 1 556
1 12 1 0 303
1 13 1 1 708
1 14 1 1 877
1 15 1 0 651
1 16 1 0 421
1 17 1 0 393
1 18 1 0 744
1 19 1 1 1444
1 20 1 0 950
1 21 1 1 1039
1 22 1 1 1283
1 23 1 0 522
1 24 1 1 745
1 25 1 0 553
1 26 1 1 839
1 27 1 0 595
1 28 1 1 700
1 29 1 0 625
1 30 1 0 3184
1 1 10 1 88
1 2 10 1 96
1 3 10 1 165
1 4 10 0 127
1 5 10 2 374
1 6 10 1 277
1 7 10 2 358
1 8 10 0 201
1 9 10 2 850
1 10 10 2 1318
1 11 10 2 1734
1 12 10 2 821
1 13 10 2 741
1 14 10 4 1573
1 15 10 3 1376
1 16 10 4 5364
1 17 10 2 3200
1 18 10 3 2813
1 19 10 2 2959
1 20 10 3 5828
1 21 10 4 3791
1 22 10 3 4336
1 23 10 1 1092
1 24 10 2 2225
1 25 10 3 5200
1 26 10 2 4247
1 27 10 3 5230
1 28 10 3 13535
1 29 10 6 36100
1 30 10 3 8504
1 1 20 0 58
1 2 20 2 132
1 3 20 2 233
1 4 20 2 354
1 5 20 1 368
1 6 20 2 448
1 7 20 2 704
1 8 20 3 1373
1 9 20 2 967
1 10 20 2 2575
1 11 20 3 3287
1 12 20 3 2805
1 13 20 3 2565
1 14 20 4 4720
1 15 20 3 5771
1 16 20 3 3593
1 17 20 3 7374
1 18 20 3 6171
1 19 20 2 3737
1 20 20 6 63657
1 21 20 4 10401
1 22 20 3 15457
1 23 20 5 23593
1 24 20 5 48601
1 25 20 3 10495
1 26 20 3 9786
1 27 20 6 66600
1 28 20 4 24334
1 29 20 6 57997
1 30 20 4 24714
1 1 50 1 66
1 2 50 2 125
1 3 50 3 293
1 4 50 3 499
1 5 50 3 644
1 6 50 3 1237
1 7 50 4 2177
1 8 50 3 2290
1 9 50 4 2822
1 10 50 4 6231
1 11 50 4 4001
1 12 50 5 8406
1 13 50 4 7378
1 14 50 3 10405
1 15 50 7 40341
1 16 50 5 41881
1 17 50 5 30115
1 18 50 6 59131
1 19 50 4 30392
1 20 50 6 115156
1 21 50 3 28798
1 22 50 5 88286
1 23 50 6 120703
1 24 50 5 142576
1 25 50 6 179763
1 26 50 8 407579
1 27 50 6 208738
1 28 50 7 655706
1 29 50 7 421490
1 30 50 6 179669
1 1 75 1 69
1 2 75 2 97
1 3 75 2 240
1 4 75 4 475
1 5 75 2 546
1 6 75 4 1408
1 7 75 5 2937
1 8 75 3 1613
1 9 75 5 5453
1 10 75 5 4632
1 11 75 5 8173
1 12 75 5 8393
1 13 75 6 22495
1 14 75 4 8948
1 15 75 6 28401
1 16 75 7 89719
1 17 75 8 147746
1 18 75 5 66996
1 19 75 7 121239
1 20 75 6 58925
1 21 75 6 79342
1 22 75 8 334854
1 23 75 6 148340
1 24 75 8 288248
1 25 75 7 301042
1 26 75 7 252502
1 27 75 8 222702
1 28 75 6 264844
1 29 75 8 785724
1 30 75 8 1790274
1 1 100 1 58
1 2 100 2 122
1 3 100 2 212
1 4 100 4 476
1 5 100 3 701
1 6 100 5 1622
1 7 100 4 1700
1 8 100 5 2131
1 9 100 4 4504
1 10 100 4 5226
1 11 100 4 6724
1 12 100 5 10734
1 13 100 5 9979
1 14 100 6 20063
1 15 100 7 41216
1 16 100 5 19809
1 17 100 7 56028
1 18 100 6 53802
1 19 100 6 52304
1 20 100 7 174782
1 21 100 8 326505
1 22 100 6 93734
1 23 100 7 193736
1 24 100 6 174366
1 25 100 8 437329
1 26 100 7 274810
1 27 100 8 634892
1 28 100 7 473272
1 29 100 6 403217
1 30 100 7 432630
2 1 1 0 420
2 2 1 0 234
2 3 1 0 252
2 4 1 0 319
2 5 1 0 356
2 6 1 0 421
2 7 1 0 466
2 8 1 1 702
2 9 1 0 531
2 10 1 0 356
2 11 1 1 1163
2 12 1 1 1312
2 13 1 0 819
2 14 1 1 843
2 15 1 0 566
2 16 1 0 593
2 17 1 1 1062
2 18 1 0 847
2 19 1 1 1283
2 20 1 0 1274
2 21 1 1 1790
2 22 1 0 1212
2 23 1 0 1344
2 24 1 1 1568
2 25 1 0 1485
2 26 1 0 1294
2 27 1 0 910
2 28 1 1 1320
2 29 1 0 899
2 30 1 0 943
2 1 10 1 154
2 2 10 0 189
2 3 10 0 226
2 4 10 2 388
2 5 10 2 705
2 6 10 1 510
2 7 10 1 575
2 8 10 1 593
2 9 10 3 2611
2 10 10 2 1351
2 11 10 1 690
2 12 10 2 980
2 13 10 2 1284
2 14 10 2 2362
2 15 10 2 2057
2 16 10 2 2356
2 17 10 2 1293
2 18 10 2 2277
2 19 10 3 5383
2 20 10 2 3994
2 21 10 3 6059
2 22 10 3 6184
2 23 10 4 7632
2 24 10 3 7422
2 25 10 3 12461
2 26 10 3 9410
2 27 10 2 5902
2 28 10 2 8964
2 29 10 3 14574
2 30 10 3 13488
2 1 20 1 86
2 2 20 1 216
2 3 20 1 295
2 4 20 1 469
2 5 20 3 1260
2 6 20 1 848
2 7 20 3 1867
2 8 20 3 1454
2 9 20 3 2435
2 10 20 2 2752
2 11 20 6 7861
2 12 20 2 1801
2 13 20 4 7121
2 14 20 5 12042
2 15 20 2 2079
2 16 20 5 8950
2 17 20 3 8394
2 18 20 4 9435
2 19 20 5 12482
2 20 20 4 10737
2 21 20 3 12914
2 22 20 3 12973
2 23 20 4 13554
2 24 20 3 13472
2 25 20 6 55297
2 26 20 4 23125
2 27 20 2 8609
2 28 20 7 203808
2 29 20 3 26256
2 30 20 5 38979
2 1 50 1 116
2 2 50 2 312
2 3 50 2 592
2 4 50 2 762
2 5 50 3 1650
2 6 50 4 3015
2 7 50 3 3230
2 8 50 3 3825
2 9 50 3 6616
2 10 50 3 9836
2 11 50 5 23674
2 12 50 5 21367
2 13 50 4 16427
2 14 50 5 30654
2 15 50 6 35843
2 16 50 5 60509
2 17 50 4 31932
2 18 50 7 116228
2 19 50 5 46232
2 20 50 5 123213
2 21 50 6 121140
2 22 50 4 43022
2 23 50 5 135010
2 24 50 6 162110
2 25 50 4 56162
2 26 50 9 1053198
2 27 50 6 359572
2 28 50 7 351327
2 29 50 10 766896
2 30 50 5 428617
2 1 75 1 110
2 2 75 2 242
2 3 75 3 412
2 4 75 3 785
2 5 75 3 924
2 6 75 4 2710
2 7 75 4 3299
2 8 75 4 5588
2 9 75 3 4978
2 10 75 6 18006
2 11 75 5 15429
2 12 75 5 16171
2 13 75 4 16248
2 14 75 6 32643
2 15 75 5 35272
2 16 75 5 50643
2 17 75 6 58130
2 18 75 5 27509
2 19 75 7 175958
2 20 75 4 48647
2 21 75 5 63330
2 22 75 4 47146
2 23 75 7 358388
2 24 75 6 558712
2 25 75 7 335992
2 26 75 10 1873335
2 27 75 6 346938
2 28 75 8 1886414
2 29 75 6 269986
2 30 75 9 2392935
2 1 100 1 79
2 2 100 2 146
2 3 100 2 214
2 4 100 3 479
2 5 100 3 630
2 6 100 5 2263
2 7 100 3 3253
2 8 100 3 3364
2 9 100 5 9001
2 10 100 4 6834
2 11 100 4 9472
2 12 100 3 10469
2 13 100 4 11317
2 14 100 4 20939
2 15 100 5 36496
2 16 100 6 59340
2 17 100 6 49053
2 18 100 6 133283
2 19 100 5 19207
2 20 100 7 62332
2 21 100 8 464088
2 22 100 6 91928
2 23 100 6 76492
2 24 100 7 182681
2 25 100 6 229075
2 26 100 7 693034
2 27 100 8 519615
2 28 100 10 1828206
2 29 100 7 322127
2 30 100 6 373793
3 1 1 0 943
3 2 1 0 510
3 3 1 0 477
3 4 1 0 526
3 5 1 0 859
3 6 1 0 1171
3 7 1 0 1352
3 8 1 0 1544
3 9 1 1 2902
3 10 1 0 1850
3 11 1 0 2006
3 12 1 0 2071
3 13 1 0 2232
3 14 1 0 2668
3 15 1 1 5109
3 16 1 1 4125
3 17 1 1 5151
3 18 1 0 3145
3 19 1 1 7693
3 20 1 0 3379
3 21 1 1 4621
3 22 1 1 7092
3 23 1 0 4045
3 24 1 1 5632
3 25 1 0 3908
3 26 1 1 9513
3 27 1 1 9299
3 28 1 1 5781
3 29 1 1 5823
3 30 1 1 8301
3 1 10 1 498
3 2 10 1 592
3 3 10 0 867
3 4 10 1 1624
3 5 10 1 986
3 6 10 1 2138
3 7 10 2 2298
3 8 10 2 3893
3 9 10 3 11341
3 10 10 2 5464
3 11 10 1 3157
3 12 10 3 7882
3 13 10 3 9712
3 14 10 2 7254
3 15 10 2 11310
3 16 10 2 12622
3 17 10 4 23994
3 18 10 4 23712
3 19 10 3 12514
3 20 10 1 10351
3 21 10 2 23048
3 22 10 2 9339
3 23 10 4 34422
3 24 10 4 81969
3 25 10 4 71104
3 26 10 2 34898
3 27 10 2 13967
3 28 10 4 47049
3 29 10 3 77248
3 30 10 4 46422
3 1 20 1 475
3 2 20 2 913
3 3 20 1 1153
3 4 20 2 1333
3 5 20 2 1343
3 6 20 1 1778
3 7 20 1 1289
3 8 20 2 4616
3 9 20 4 9302
3 10 20 3 12024
3 11 20 3 8887
3 12 20 2 7190
3 13 20 4 24706
3 14 20 3 13766
3 15 20 1 5098
3 16 20 2 7787
3 17 20 4 18500
3 18 20 3 24853
3 19 20 6 104804
3 20 20 4 30087
3 21 20 3 11483
3 22 20 3 31844
3 23 20 4 41459
3 24 20 2 21054
3 25 20 4 56948
3 26 20 7 231767
3 27 20 6 275077
3 28 20 5 65796
3 29 20 4 52029
3 30 20 5 84385
3 1 50 1 205
3 2 50 1 318
3 3 50 2 760
3 4 50 2 1120
3 5 50 3 1832
3 6 50 2 2640
3 7 50 3 4479
3 8 50 4 6774
3 9 50 4 10211
3 10 50 3 9345
3 11 50 5 24353
3 12 50 5 31773
3 13 50 6 36776
3 14 50 4 60420
3 15 50 3 52193
3 16 50 6 54324
3 17 50 7 168964
3 18 50 5 166088
3 19 50 7 829077
3 20 50 6 163796
3 21 50 6 262084
3 22 50 6 146660
3 23 50 9 865957
3 24 50 5 336528
3 25 50 7 381539
3 26 50 7 957932
3 27 50 8 1161958
3 28 50 6 607729
3 29 50 8 1267489
3 30 50 7 868861
3 1 75 1 114
3 2 75 2 218
3 3 75 2 421
3 4 75 3 854
3 5 75 3 1504
3 6 75 3 1320
3 7 75 4 4244
3 8 75 6 7017
3 9 75 4 7782
3 10 75 3 7300
3 11 75 5 12736
3 12 75 7 44133
3 13 75 3 13287
3 14 75 6 49234
3 15 75 4 32125
3 16 75 6 69131
3 17 75 6 68759
3 18 75 5 50146
3 19 75 7 195621
3 20 75 5 125790
3 21 75 8 591716
3 22 75 7 580520
3 23 75 8 322721
3 24 75 5 218127
3 25 75 7 444719
3 26 75 7 413691
3 27 75 8 679550
3 28 75 8 1922353
3 29 75 7 771680
3 30 75 7 630950
3 1 100 1 128
3 2 100 2 173
3 3 100 2 324
3 4 100 3 646
3 5 100 3 993
3 6 100 4 1758
3 7 100 3 2058
3 8 100 4 3986
3 9 100 5 5064
3 10 100 3 5327
3 11 100 5 9938
3 12 100 5 20205
3 13 100 4 9411
3 14 100 6 39167
3 15 100 5 28576
3 16 100 6 63636
3 17 100 5 35154
3 18 100 7 81932
3 19 100 6 94875
3 20 100 6 182669
3 21 100 6 145624
3 22 100 6 77336
3 23 100 6 272121
3 24 100 10 1543839
3 25 100 7 821520
3 26 100 6 238314
3 27 100 7 400548
3 28 100 7 536574
3 29 100 9 1097756
3 30 100 6 670624