test_set n r res t
1 1 1 0 272
1 2 1 0 158
1 3 1 0 159
1 4 1 0 171
1 5 1 0 153
1 6 1 0 178
1 7 1 1 355
1 8 1 0 348
1 9 1 0 562
1 10 1 0 441
1 11 1 1 705
1 12 1 0 356
1 13 1 1 520
1 14 1 1 594
1 15 1 0 468
1 16 1 0 468
1 17 1 0 508
1 18 1 0 507
1 19 1 1 1028
1 20 1 0 561
1 21 1 1 734
1 22 1 1 1483
1 23 1 0 609
1 24 1 1 839
1 25 1 0 775
1 26 1 1 970
1 27 1 0 731
1 28 1 1 825
1 29 1 0 756
1 30 1 0 831
1 1 10 1 119
1 2 10 1 178
1 3 10 1 264
1 4 10 0 262
1 5 10 2 623
1 6 10 1 522
1 7 10 2 431
1 8 10 0 280
1 9 10 2 782
1 10 10 2 1410
1 11 10 2 1946
1 12 10 2 945
1 13 10 2 809
1 14 10 4 1241
1 15 10 3 1318
1 16 10 4 4062
1 17 10 2 2139
1 18 10 3 2788
1 19 10 2 3329
1 20 10 3 6073
1 21 10 4 2927
1 22 10 3 4451
1 23 10 1 1317
1 24 10 2 2517
1 25 10 3 5276
1 26 10 2 4715
1 27 10 3 5044
1 28 10 3 14883
1 29 10 6 27878
1 30 10 3 8986
1 1 20 0 83
1 2 20 2 182
1 3 20 2 334
1 4 20 2 397
1 5 20 1 488
1 6 20 2 553
1 7 20 2 974
1 8 20 3 1086
1 9 20 2 1079
1 10 20 2 1571
1 11 20 3 1453
1 12 20 3 1506
1 13 20 3 2226
1 14 20 4 3859
1 15 20 3 5624
1 16 20 3 3406
1 17 20 3 7398
1 18 20 3 5839
1 19 20 2 4152
1 20 20 6 53032
1 21 20 4 9605
1 22 20 3 16142
1 23 20 5 22370
1 24 20 5 25784
1 25 20 3 10481
1 26 20 3 6906
1 27 20 6 51841
1 28 20 4 21679
1 29 20 6 49235
1 30 20 4 24189
1 1 50 1 100
1 2 50 2 195
1 3 50 3 242
1 4 50 3 311
1 5 50 3 786
1 6 50 3 1214
1 7 50 4 1361
1 8 50 3 2575
1 9 50 4 2582
1 10 50 4 5845
1 11 50 4 3374
1 12 50 5 5768
1 13 50 4 7589
1 14 50 3 10183
1 15 50 7 15532
1 16 50 5 32460
1 17 50 5 18537
1 18 50 6 21377
1 19 50 4 18339
1 20 50 6 80793
1 21 50 3 29033
1 22 50 5 86299
1 23 50 6 79388
1 24 50 5 102225
1 25 50 6 122680
1 26 50 8 232640
1 27 50 6 139284
1 28 50 7 425510
1 29 50 7 276073
1 30 50 6 175954
1 1 75 1 103
1 2 75 2 109
1 3 75 2 116
1 4 75 4 178
1 5 75 2 502
1 6 75 4 803
1 7 75 5 1308
1 8 75 3 1587
1 9 75 5 3017
1 10 75 5 2640
1 11 75 5 4740
1 12 75 5 7140
1 13 75 6 11718
1 14 75 4 6976
1 15 75 6 22301
1 16 75 7 27334
1 17 75 8 65301
1 18 75 5 54047
1 19 75 7 50348
1 20 75 6 46758
1 21 75 6 47444
1 22 75 8 163909
1 23 75 6 116510
1 24 75 8 82171
1 25 75 7 172740
1 26 75 7 144879
1 27 75 8 120116
1 28 75 6 186668
1 29 75 8 518111
1 30 75 8 1119520
1 1 100 1 80
1 2 100 2 98
1 3 100 2 199
1 4 100 4 157
1 5 100 3 405
1 6 100 5 647
1 7 100 4 1737
1 8 100 5 1913
1 9 100 4 4420
1 10 100 4 5129
1 11 100 4 4766
1 12 100 5 6416
1 13 100 5 9901
1 14 100 6 7186
1 15 100 7 18835
1 16 100 5 15586
1 17 100 7 34042
1 18 100 6 36482
1 19 100 6 36071
1 20 100 7 101124
1 21 100 8 189862
1 22 100 6 66077
1 23 100 7 123823
1 24 100 6 129409
1 25 100 8 212010
1 26 100 7 181102
1 27 100 8 427486
1 28 100 7 378240
1 29 100 6 332304
1 30 100 7 367213
2 1 1 0 460
2 2 1 0 234
2 3 1 0 219
2 4 1 0 271
2 5 1 0 244
2 6 1 0 337
2 7 1 0 300
2 8 1 1 391
2 9 1 0 395
2 10 1 0 406
2 11 1 1 776
2 12 1 1 1004
2 13 1 0 434
2 14 1 1 837
2 15 1 0 577
2 16 1 0 555
2 17 1 1 1148
2 18 1 0 750
2 19 1 1 844
2 20 1 0 783
2 21 1 1 1335
2 22 1 0 841
2 23 1 0 888
2 24 1 1 1061
2 25 1 0 909
2 26 1 0 1054
2 27 1 0 1233
2 28 1 1 1925
2 29 1 0 1346
2 30 1 0 1371
2 1 10 1 136
2 2 10 0 168
2 3 10 0 210
2 4 10 2 312
2 5 10 2 692
2 6 10 1 394
2 7 10 1 783
2 8 10 1 815
2 9 10 3 2638
2 10 10 2 1576
2 11 10 1 931
2 12 10 2 1294
2 13 10 2 1331
2 14 10 2 2021
2 15 10 2 2411
2 16 10 2 3051
2 17 10 2 1578
2 18 10 2 2324
2 19 10 3 3654
2 20 10 2 2922
2 21 10 3 3683
2 22 10 3 3599
2 23 10 4 5053
2 24 10 3 4337
2 25 10 3 12808
2 26 10 3 9472
2 27 10 2 7150
2 28 10 2 11307
2 29 10 3 15765
2 30 10 3 16784
2 1 20 1 131
2 2 20 1 194
2 3 20 1 232
2 4 20 1 366
2 5 20 3 740
2 6 20 1 652
2 7 20 3 901
2 8 20 3 1067
2 9 20 3 1766
2 10 20 2 2499
2 11 20 6 2291
2 12 20 2 2211
2 13 20 4 5935
2 14 20 5 7730
2 15 20 2 1935
2 16 20 5 7769
2 17 20 3 9360
2 18 20 4 8928
2 19 20 5 9176
2 20 20 4 10676
2 21 20 3 14404
2 22 20 3 10165
2 23 20 4 9367
2 24 20 3 9852
2 25 20 6 20836
2 26 20 4 14618
2 27 20 2 10303
2 28 20 7 144368
2 29 20 3 25585
2 30 20 5 36813
2 1 50 1 119
2 2 50 2 202
2 3 50 2 228
2 4 50 2 414
2 5 50 3 568
2 6 50 4 1492
2 7 50 3 1760
2 8 50 3 2518
2 9 50 3 4143
2 10 50 3 6384
2 11 50 5 8287
2 12 50 5 8705
2 13 50 4 11490
2 14 50 5 13828
2 15 50 6 16003
2 16 50 5 43790
2 17 50 4 22607
2 18 50 7 52409
2 19 50 5 28815
2 20 50 5 114269
2 21 50 6 95209
2 22 50 4 48246
2 23 50 5 108774
2 24 50 6 109326
2 25 50 4 53542
2 26 50 9 484933
2 27 50 6 333884
2 28 50 7 296874
2 29 50 10 314151
2 30 50 5 422058
2 1 75 1 231
2 2 75 2 199
2 3 75 3 165
2 4 75 3 436
2 5 75 3 683
2 6 75 4 1020
2 7 75 4 1858
2 8 75 4 2679
2 9 75 3 3187
2 10 75 6 4545
2 11 75 5 7242
2 12 75 5 10902
2 13 75 4 11278
2 14 75 6 21980
2 15 75 5 19435
2 16 75 5 26083
2 17 75 6 22237
2 18 75 5 15340
2 19 75 7 68752
2 20 75 4 36867
2 21 75 5 38393
2 22 75 4 38225
2 23 75 7 175734
2 24 75 6 393195
2 25 75 7 206233
2 26 75 10 831611
2 27 75 6 201417
2 28 75 8 1207387
2 29 75 6 189728
2 30 75 9 1534083
2 1 100 1 110
2 2 100 2 181
2 3 100 2 234
2 4 100 3 399
2 5 100 3 479
2 6 100 5 542
2 7 100 3 1716
2 8 100 3 1546
2 9 100 5 2483
2 10 100 4 3180
2 11 100 4 4188
2 12 100 3 6097
2 13 100 4 6254
2 14 100 4 14640
2 15 100 5 21797
2 16 100 6 33725
2 17 100 6 32094
2 18 100 6 92073
2 19 100 5 12976
2 20 100 7 28591
2 21 100 8 220499
2 22 100 6 64117
2 23 100 6 42386
2 24 100 7 91801
2 25 100 6 179754
2 26 100 7 441129
2 27 100 8 301235
2 28 100 10 895348
2 29 100 7 200714
2 30 100 6 278011
3 1 1 0 1319
3 2 1 0 836
3 3 1 0 910
3 4 1 0 1122
3 5 1 0 1208
3 6 1 0 1328
3 7 1 0 1543
3 8 1 0 1651
3 9 1 1 2686
3 10 1 0 2038
3 11 1 0 2283
3 12 1 0 2076
3 13 1 0 2500
3 14 1 0 2231
3 15 1 1 5794
3 16 1 1 4986
3 17 1 1 5628
3 18 1 0 3629
3 19 1 1 9397
3 20 1 0 4036
3 21 1 1 5317
3 22 1 1 6906
3 23 1 0 4552
3 24 1 1 7845
3 25 1 0 4756
3 26 1 1 9897
3 27 1 1 9673
3 28 1 1 7033
3 29 1 1 5544
3 30 1 1 10494
3 1 10 1 518
3 2 10 1 631
3 3 10 0 847
3 4 10 1 1670
3 5 10 1 1203
3 6 10 1 2350
3 7 10 2 2425
3 8 10 2 3372
3 9 10 3 10958
3 10 10 2 5835
3 11 10 1 3174
3 12 10 3 6589
3 13 10 3 9082
3 14 10 2 8250
3 15 10 2 8819
3 16 10 2 9885
3 17 10 4 17454
3 18 10 4 15735
3 19 10 3 8565
3 20 10 1 8416
3 21 10 2 20089
3 22 10 2 7355
3 23 10 4 22369
3 24 10 4 56721
3 25 10 4 49470
3 26 10 2 30139
3 27 10 2 11689
3 28 10 4 34464
3 29 10 3 71172
3 30 10 4 43857
3 1 20 1 384
3 2 20 2 627
3 3 20 1 997
3 4 20 2 859
3 5 20 2 1149
3 6 20 1 2290
3 7 20 1 1757
3 8 20 2 5565
3 9 20 4 8517
3 10 20 3 13125
3 11 20 3 10194
3 12 20 2 5592
3 13 20 4 26522
3 14 20 3 16001
3 15 20 1 7138
3 16 20 2 10513
3 17 20 4 21616
3 18 20 3 32221
3 19 20 6 82837
3 20 20 4 49456
3 21 20 3 20548
3 22 20 3 54633
3 23 20 4 38104
3 24 20 2 23235
3 25 20 4 66370
3 26 20 7 131235
3 27 20 6 161655
3 28 20 5 40177
3 29 20 4 41057
3 30 20 5 58432
3 1 50 1 179
3 2 50 1 218
3 3 50 2 355
3 4 50 2 716
3 5 50 3 752
3 6 50 2 2070
3 7 50 3 2496
3 8 50 4 3735
3 9 50 4 5519
3 10 50 3 6253
3 11 50 5 12867
3 12 50 5 12621
3 13 50 6 8457
3 14 50 4 26778
3 15 50 3 30090
3 16 50 6 19425
3 17 50 7 37945
3 18 50 5 91840
3 19 50 7 246092
3 20 50 6 57431
3 21 50 6 130001
3 22 50 6 58051
3 23 50 9 416580
3 24 50 5 255522
3 25 50 7 243085
3 26 50 7 682335
3 27 50 8 415819
3 28 50 6 540417
3 29 50 8 687419
3 30 50 7 772609
3 1 75 1 163
3 2 75 2 214
3 3 75 2 439
3 4 75 3 685
3 5 75 3 696
3 6 75 3 1149
3 7 75 4 2236
3 8 75 6 2350
3 9 75 4 5939
3 10 75 3 6475
3 11 75 5 5446
3 12 75 7 19039
3 13 75 3 12398
3 14 75 6 46782
3 15 75 4 39875
3 16 75 6 41585
3 17 75 6 46268
3 18 75 5 35204
3 19 75 7 91771
3 20 75 5 97298
3 21 75 8 297217
3 22 75 7 344518
3 23 75 8 203461
3 24 75 5 185905
3 25 75 7 396339
3 26 75 7 328761
3 27 75 8 419634
3 28 75 8 1120349
3 29 75 7 530941
3 30 75 7 473326
3 1 100 1 102
3 2 100 2 141
3 3 100 2 350
3 4 100 3 252
3 5 100 3 517
3 6 100 4 1286
3 7 100 3 1942
3 8 100 4 2112
3 9 100 5 3637
3 10 100 3 5103
3 11 100 5 7621
3 12 100 5 14327
3 13 100 4 9913
3 14 100 6 26592
3 15 100 5 22126
3 16 100 6 43658
3 17 100 5 31334
3 18 100 7 62500
3 19 100 6 63360
3 20 100 6 147334
3 21 100 6 109675
3 22 100 6 65633
3 23 100 6 215155
3 24 100 10 552669
3 25 100 7 603302
3 26 100 6 211827
3 27 100 7 242292
3 28 100 7 386763
3 29 100 9 465136
3 30 100 6 582420