n r res t
10 10 10 528
10 20 10 348
11 20 11 635
12 20 12 375
13 20 13 721
14 20 14 383
15 20 15 416
16 20 16 471
17 20 17 779
18 20 18 543
19 20 19 929
20 20 20 581
10 50 10 311
11 50 11 576
12 50 12 356
13 50 13 400
14 50 14 403
15 50 15 440
16 50 16 854
17 50 17 479
18 50 18 916
19 50 19 841
20 50 20 1041
21 50 21 1042
22 50 22 962
23 50 23 1146
24 50 24 1166
25 50 25 1113
26 50 26 1278
27 50 27 1297
28 50 28 1331
29 50 29 1435
30 50 30 1485
10 75 10 313
11 75 11 327
12 75 12 352
13 75 13 395
14 75 14 419
15 75 15 817
16 75 16 836
17 75 17 761
18 75 18 523
19 75 19 924
20 75 20 1024
21 75 21 1037
22 75 22 689
23 75 23 1142
24 75 24 1180
25 75 25 1229
26 75 26 1312
27 75 27 1315
28 75 28 1323
29 75 29 1400
30 75 30 1439
10 100 10 541
11 100 11 574
12 100 12 610
13 100 13 670
14 100 14 688
15 100 15 833
16 100 16 1218
17 100 17 451
18 100 18 957
19 100 19 674
20 100 20 586
21 100 21 1007
22 100 22 987
23 100 23 1174
24 100 24 672
25 100 25 1274
26 100 26 1257
27 100 27 1465
28 100 28 879
29 100 29 835
30 100 30 878
10 10 10 545
10 20 10 314
11 20 11 315
12 20 12 333
13 20 13 601
14 20 14 464
15 20 15 428
16 20 16 458
17 20 17 571
18 20 18 529
19 20 19 540
20 20 20 578
10 50 10 289
11 50 11 320
12 50 12 403
13 50 13 403
14 50 14 410
15 50 15 439
16 50 16 459
17 50 17 533
18 50 18 517
19 50 19 576
20 50 20 547
21 50 21 610
22 50 22 672
23 50 23 644
24 50 24 705
25 50 25 888
26 50 26 1004
27 50 27 791
28 50 28 821
29 50 29 853
30 50 30 855
10 75 10 519
11 75 11 504
12 75 12 415
13 75 13 504
14 75 14 667
15 75 15 761
16 75 16 813
17 75 17 812
18 75 18 550
19 75 19 923
20 75 20 950
21 75 21 683
22 75 22 654
23 75 23 695
24 75 24 1264
25 75 25 1196
26 75 26 1310
27 75 27 1394
28 75 28 1310
29 75 29 1356
30 75 30 1448
10 100 10 519
11 100 11 553
12 100 12 632
13 100 13 431
14 100 14 690
15 100 15 729
16 100 16 760
17 100 17 779
18 100 18 580
19 100 19 968
20 100 20 586
21 100 21 1031
22 100 22 1057
23 100 23 1131
24 100 24 1213
25 100 25 1095
26 100 26 793
27 100 27 1326
28 100 28 1244
29 100 29 1335
30 100 30 1648
10 10 10 516
10 20 10 537
11 20 11 536
12 20 12 612
13 20 13 369
14 20 14 744
15 20 15 798
16 20 16 819
17 20 17 874
18 20 18 910
19 20 19 964
20 20 20 1012
10 50 10 330
11 50 11 577
12 50 12 621
13 50 13 651
14 50 14 728
15 50 15 778
16 50 16 811
17 50 17 755
18 50 18 929
19 50 19 519
20 50 20 680
21 50 21 680
22 50 22 724
23 50 23 712
24 50 24 1141
25 50 25 778
26 50 26 719
27 50 27 831
28 50 28 1250
29 50 29 1361
30 50 30 1443
10 75 10 544
11 75 11 432
12 75 12 604
13 75 13 441
14 75 14 626
15 75 15 888
16 75 16 730
17 75 17 659
18 75 18 522
19 75 19 549
20 75 20 594
21 75 21 654
22 75 22 720
23 75 23 691
24 75 24 661
25 75 25 712
26 75 26 720
27 75 27 796
28 75 28 782
29 75 29 786
30 75 30 868
10 100 10 488
11 100 11 374
12 100 12 360
13 100 13 414
14 100 14 463
15 100 15 496
16 100 16 490
17 100 17 503
18 100 18 559
19 100 19 578
20 100 20 585
21 100 21 600
22 100 22 627
23 100 23 672
24 100 24 686
25 100 25 703
26 100 26 770
27 100 27 769
28 100 28 816
29 100 29 829
30 100 30 863
10 10 10 356
10 20 10 340
11 20 11 372
12 20 12 380
13 20 13 399
14 20 14 472
15 20 15 508
16 20 16 503
17 20 17 542
18 20 18 562
19 20 19 584
20 20 20 639
10 50 10 359
11 50 11 356
12 50 12 415
13 50 13 471
14 50 14 457
15 50 15 467
16 50 16 484
17 50 17 545
18 50 18 555
19 50 19 581
20 50 20 631
21 50 21 651
22 50 22 698
23 50 23 713
24 50 24 661
25 50 25 689
26 50 26 1341
27 50 27 765
28 50 28 1279
29 50 29 820
30 50 30 1454
10 75 10 292
11 75 11 543
12 75 12 366
13 75 13 647
14 75 14 714
15 75 15 766
16 75 16 449
17 75 17 645
18 75 18 946
19 75 19 984
20 75 20 632
21 75 21 619
22 75 22 664
23 75 23 694
24 75 24 700
25 75 25 761
26 75 26 773
27 75 27 807
28 75 28 822
29 75 29 836
30 75 30 861
10 100 10 345
11 100 11 351
12 100 12 428
13 100 13 422
14 100 14 485
15 100 15 791
16 100 16 485
17 100 17 484
18 100 18 522
19 100 19 1006
20 100 20 562
21 100 21 585
22 100 22 1108
23 100 23 1229
24 100 24 659
25 100 25 1204
26 100 26 795
27 100 27 1441
28 100 28 1262
29 100 29 814
30 100 30 798
10 10 10 275
10 20 10 287
11 20 11 336
12 20 12 342
13 20 13 378
14 20 14 398
15 20 15 426
16 20 16 469
17 20 17 489
18 20 18 535
19 20 19 507
20 20 20 563
10 50 10 315
11 50 11 306
12 50 12 336
13 50 13 405
14 50 14 497
15 50 15 677
16 50 16 691
17 50 17 486
18 50 18 503
19 50 19 531
20 50 20 534
21 50 21 593
22 50 22 600
23 50 23 618
24 50 24 678
25 50 25 703
26 50 26 782
27 50 27 747
28 50 28 813
29 50 29 847
30 50 30 849
10 75 10 530
11 75 11 490
12 75 12 382
13 75 13 389
14 75 14 434
15 75 15 464
16 75 16 472
17 75 17 501
18 75 18 556
19 75 19 595
20 75 20 628
21 75 21 623
22 75 22 649
23 75 23 714
24 75 24 705
25 75 25 737
26 75 26 747
27 75 27 774
28 75 28 787
29 75 29 886
30 75 30 838
10 100 10 327
11 100 11 353
12 100 12 383
13 100 13 416
14 100 14 441
15 100 15 485
16 100 16 470
17 100 17 764
18 100 18 520
19 100 19 578
20 100 20 614
21 100 21 615
22 100 22 652
23 100 23 678
24 100 24 708
25 100 25 733
26 100 26 765
27 100 27 789
28 100 28 794
29 100 29 988
30 100 30 858
10 10 10 338
10 20 10 309
11 20 11 325
12 20 12 624
13 20 13 681
14 20 14 410
15 20 15 772
16 20 16 810
17 20 17 749
18 20 18 924
19 20 19 555
20 20 20 605
10 50 10 318
11 50 11 343
12 50 12 335
13 50 13 665
14 50 14 445
15 50 15 795
16 50 16 802
17 50 17 714
18 50 18 901
19 50 19 1004
20 50 20 1080
21 50 21 1035
22 50 22 1053
23 50 23 692
24 50 24 1142
25 50 25 1178
26 50 26 1291
27 50 27 857
28 50 28 1489
29 50 29 1100
30 50 30 1103
10 75 10 439
11 75 11 445
12 75 12 506
13 75 13 576
14 75 14 758
15 75 15 846
16 75 16 901
17 75 17 735
18 75 18 872
19 75 19 1034
20 75 20 1042
21 75 21 1143
22 75 22 948
23 75 23 1319
24 75 24 1253
25 75 25 1063
26 75 26 1335
27 75 27 1395
28 75 28 1365
29 75 29 1056
30 75 30 1467
10 100 10 565
11 100 11 530
12 100 12 725
13 100 13 901
14 100 14 904
15 100 15 781
16 100 16 929
17 100 17 754
18 100 18 928
19 100 19 1002
20 100 20 971
21 100 21 1119
22 100 22 1193
23 100 23 1163
24 100 24 1248
25 100 25 1415
26 100 26 1601
27 100 27 1543
28 100 28 1379
29 100 29 1423
30 100 30 1671
10 10 10 449
10 20 10 666
11 20 11 675
12 20 12 699
13 20 13 749
14 20 14 805
15 20 15 901
16 20 16 886
17 20 17 801
18 20 18 794
19 20 19 1209
20 20 20 1111
10 50 10 432
11 50 11 693
12 50 12 725
13 50 13 593
14 50 14 609
15 50 15 893
16 50 16 1199
17 50 17 963
18 50 18 982
19 50 19 1148
20 50 20 1108
21 50 21 1225
22 50 22 1115
23 50 23 1219
24 50 24 1029
25 50 25 1326
26 50 26 1116
27 50 27 1363
28 50 28 1565
29 50 29 1574
30 50 30 1496
10 75 10 640
11 75 11 536
12 75 12 699
13 75 13 749
14 75 14 854
15 75 15 868
16 75 16 969
17 75 17 1025
18 75 18 929
19 75 19 860
20 75 20 832
21 75 21 1080
22 75 22 1164
23 75 23 1109
24 75 24 1315
25 75 25 1767
26 75 26 1165
27 75 27 1715
28 75 28 1148
29 75 29 1328
30 75 30 1574
10 100 10 557
11 100 11 641
12 100 12 604
13 100 13 645
14 100 14 732
15 100 15 796
16 100 16 831
17 100 17 770
18 100 18 933
19 100 19 1101
20 100 20 1034
21 100 21 581
22 100 22 750
23 100 23 655
24 100 24 1161
25 100 25 1225
26 100 26 1283
27 100 27 1378
28 100 28 820
29 100 29 1344
30 100 30 884
10 10 10 315
10 20 10 413
11 20 11 330
12 20 12 600
13 20 13 395
14 20 14 672
15 20 15 890
16 20 16 836
17 20 17 739
18 20 18 924
19 20 19 959
20 20 20 972
10 50 10 542
11 50 11 565
12 50 12 352
13 50 13 664
14 50 14 433
15 50 15 439
16 50 16 825
17 50 17 910
18 50 18 525
19 50 19 901
20 50 20 1000
21 50 21 980
22 50 22 1146
23 50 23 1134
24 50 24 1206
25 50 25 685
26 50 26 1258
27 50 27 1318
28 50 28 1286
29 50 29 1373
30 50 30 1215
10 75 10 297
11 75 11 321
12 75 12 369
13 75 13 384
14 75 14 429
15 75 15 426
16 75 16 462
17 75 17 508
18 75 18 534
19 75 19 548
20 75 20 563
21 75 21 573
22 75 22 622
23 75 23 615
24 75 24 642
25 75 25 684
26 75 26 714
27 75 27 715
28 75 28 749
29 75 29 767
30 75 30 799
10 100 10 297
11 100 11 308
12 100 12 370
13 100 13 391
14 100 14 408
15 100 15 427
16 100 16 473
17 100 17 499
18 100 18 581
19 100 19 943
20 100 20 826
21 100 21 578
22 100 22 626
23 100 23 650
24 100 24 684
25 100 25 694
26 100 26 732
27 100 27 724
28 100 28 793
29 100 29 1369
30 100 30 1511
10 10 10 531
10 20 10 487
11 20 11 569
12 20 12 662
13 20 13 403
14 20 14 696
15 20 15 434
16 20 16 837
17 20 17 810
18 20 18 501
19 20 19 888
20 20 20 951
10 50 10 535
11 50 11 334
12 50 12 618
13 50 13 648
14 50 14 663
15 50 15 731
16 50 16 470
17 50 17 515
18 50 18 881
19 50 19 896
20 50 20 590
21 50 21 1108
22 50 22 642
23 50 23 650
24 50 24 670
25 50 25 696
26 50 26 729
27 50 27 757
28 50 28 1329
29 50 29 1476
30 50 30 1491
10 75 10 301
11 75 11 332
12 75 12 621
13 75 13 416
14 75 14 659
15 75 15 776
16 75 16 532
17 75 17 749
18 75 18 502
19 75 19 575
20 75 20 1038
21 75 21 1066
22 75 22 1094
23 75 23 649
24 75 24 1186
25 75 25 712
26 75 26 1067
27 75 27 1288
28 75 28 1386
29 75 29 813
30 75 30 1417
10 100 10 558
11 100 11 556
12 100 12 641
13 100 13 405
14 100 14 417
15 100 15 454
16 100 16 775
17 100 17 551
18 100 18 520
19 100 19 907
20 100 20 568
21 100 21 596
22 100 22 1039
23 100 23 1152
24 100 24 678
25 100 25 1204
26 100 26 1163
27 100 27 1161
28 100 28 1174
29 100 29 1448
30 100 30 859
10 10 10 302
10 20 10 280
11 20 11 366
12 20 12 354
13 20 13 415
14 20 14 416
15 20 15 437
16 20 16 473
17 20 17 480
18 20 18 536
19 20 19 541
20 20 20 613
10 50 10 294
11 50 11 491
12 50 12 349
13 50 13 425
14 50 14 397
15 50 15 489
16 50 16 533
17 50 17 475
18 50 18 534
19 50 19 571
20 50 20 610
21 50 21 578
22 50 22 734
23 50 23 893
24 50 24 802
25 50 25 679
26 50 26 710
27 50 27 777
28 50 28 1027
29 50 29 1051
30 50 30 972
10 75 10 286
11 75 11 344
12 75 12 330
13 75 13 438
14 75 14 425
15 75 15 548
16 75 16 746
17 75 17 870
18 75 18 1090
19 75 19 951
20 75 20 959
21 75 21 1152
22 75 22 1063
23 75 23 1225
24 75 24 1371
25 75 25 1262
26 75 26 1472
27 75 27 1490
28 75 28 1469
29 75 29 1650
30 75 30 1563
10 100 10 515
11 100 11 594
12 100 12 698
13 100 13 707
14 100 14 745
15 100 15 806
16 100 16 939
17 100 17 674
18 100 18 1514
19 100 19 1144
20 100 20 925
21 100 21 1012
22 100 22 1062
23 100 23 1219
24 100 24 1083
25 100 25 1112
26 100 26 1396
27 100 27 1229
28 100 28 1385
29 100 29 1366
30 100 30 1344