n r res t
10 10 10 20292
10 20 10 19780
11 20 11 39602
12 20 12 78979
13 20 13 157849
14 20 14 341057
15 20 15 630589
16 20 16 1279853
17 20 17 2853915
18 20 18 6307833
19 20 19 10679520
20 20 20 22090924
10 50 10 19839
11 50 11 47204
12 50 12 78979
13 50 13 157607
14 50 14 315821
15 50 15 636174
16 50 16 1263369
17 50 17 2546741
18 50 18 5132317
19 50 19 11071101
20 50 20 21064650
21 50 21 42482450
22 50 22 82989099
23 50 23 173853438
24 50 24 365156066
25 50 25 672885655
26 50 26 1401376729
27 50 27 2782939169
28 50 28 5602672347
29 50 29 11082484732
30 50 30 22398886286
10 75 10 26289
11 75 11 46125
12 75 12 78709
13 75 13 161134
14 75 14 345140
15 75 15 651772
16 75 16 1276295
17 75 17 2573581
18 75 18 5108005
19 75 19 10402258
20 75 20 21133199
21 75 21 42299962
22 75 22 84269898
23 75 23 177100476
24 75 24 348119276
25 75 25 719185103
26 75 26 1420921949
27 75 27 2831669200
28 75 28 5575352675
29 75 29 11015926696
30 75 30 22280818940
10 100 10 19739
11 100 11 56805
12 100 12 86420
13 100 13 158322
14 100 14 316379
15 100 15 649351
16 100 16 1433265
17 100 17 2531725
18 100 18 5541022
19 100 19 10318287
20 100 20 20494973
21 100 21 41999312
22 100 22 82240904
23 100 23 168620381
24 100 24 342090012
25 100 25 703327675
26 100 26 1360076853
27 100 27 2706994702
28 100 28 5513568967
29 100 29 11167953227
30 100 30 22096155825
10 10 10 19755
10 20 10 19743
11 20 11 39362
12 20 12 79346
13 20 13 157711
14 20 14 315726
15 20 15 644099
16 20 16 1507600
17 20 17 2627487
18 20 18 5950675
19 20 19 10281681
20 20 20 20676286
10 50 10 19989
11 50 11 39674
12 50 12 87685
13 50 13 158204
14 50 14 315706
15 50 15 631504
16 50 16 1270158
17 50 17 2543654
18 50 18 5106151
19 50 19 10395228
20 50 20 21968828
21 50 21 43283322
22 50 22 91716289
23 50 23 171775374
24 50 24 353200924
25 50 25 753985552
26 50 26 1418889412
27 50 27 2781373645
28 50 28 5576706271
29 50 29 11057140192
30 50 30 22356164171
10 75 10 26548
11 75 11 42886
12 75 12 78846
13 75 13 158266
14 75 14 322957
15 75 15 632313
16 75 16 1281168
17 75 17 2813336
18 75 18 7515753
19 75 19 10394784
20 75 20 22997840
21 75 21 43898214
22 75 22 91937526
23 75 23 176248061
24 75 24 381849541
25 75 25 695702408
26 75 26 1360260997
27 75 27 2731289025
28 75 28 5467929691
29 75 29 10857343896
30 75 30 22343298763
10 100 10 19926
11 100 11 39400
12 100 12 102353
13 100 13 189354
14 100 14 316413
15 100 15 699121
16 100 16 1290793
17 100 17 2856111
18 100 18 5419581
19 100 19 14215707
20 100 20 21130459
21 100 21 44199253
22 100 22 93346864
23 100 23 170602637
24 100 24 383487794
25 100 25 699947682
26 100 26 1441325816
27 100 27 2750710766
28 100 28 5621250350
29 100 29 10967617754
30 100 30 21931118283
10 10 10 28711
10 20 10 29560
11 20 11 60327
12 20 12 117377
13 20 13 233748
14 20 14 473486
15 20 15 633180
16 20 16 1287690
17 20 17 2556416
18 20 18 6138639
19 20 19 10164610
20 20 20 22202148
10 50 10 25723
11 50 11 39391
12 50 12 78801
13 50 13 157793
14 50 14 315832
15 50 15 639326
16 50 16 1264655
17 50 17 3060921
18 50 18 5068025
19 50 19 10624651
20 50 20 21975377
21 50 21 42487906
22 50 22 82838899
23 50 23 178953813
24 50 24 358029522
25 50 25 692482992
26 50 26 1371633417
27 50 27 2756449344
28 50 28 5530024942
29 50 29 11215620242
30 50 30 22196987340
10 75 10 19776
11 75 11 39566
12 75 12 78952
13 75 13 163857
14 75 14 320626
15 75 15 683526
16 75 16 1405340
17 75 17 2792340
18 75 18 6197779
19 75 19 10307471
20 75 20 21652901
21 75 21 42095075
22 75 22 86390938
23 75 23 172865362
24 75 24 359179375
25 75 25 707901984
26 75 26 1414438224
27 75 27 2755396056
28 75 28 5492339633
29 75 29 11083288730
30 75 30 22278424633
10 100 10 19679
11 100 11 39530
12 100 12 78995
13 100 13 168264
14 100 14 326530
15 100 15 643252
16 100 16 1264466
17 100 17 2535828
18 100 18 5116700
19 100 19 11466394
20 100 20 20676212
21 100 21 43070935
22 100 22 85235008
23 100 23 173428409
24 100 24 344236221
25 100 25 688575851
26 100 26 1392859638
27 100 27 2794240459
28 100 28 5573407894
29 100 29 11188173638
30 100 30 22377868828
10 10 10 30750
10 20 10 33080
11 20 11 65659
12 20 12 132109
13 20 13 258523
14 20 14 443213
15 20 15 778805
16 20 16 1584940
17 20 17 3261519
18 20 18 5661923
19 20 19 13556047
20 20 20 21092050
10 50 10 40094
11 50 11 78508
12 50 12 155819
13 50 13 265230
14 50 14 442965
15 50 15 757488
16 50 16 1317795
17 50 17 2588576
18 50 18 5328155
19 50 19 10370591
20 50 20 23932261
21 50 21 42984383
22 50 22 87729560
23 50 23 188446715
24 50 24 362003813
25 50 25 694067178
26 50 26 1443368470
27 50 27 2778081630
28 50 28 5567740357
29 50 29 11082212569
30 50 30 22244099267
10 75 10 19794
11 75 11 39566
12 75 12 89482
13 75 13 157998
14 75 14 339933
15 75 15 640583
16 75 16 1292716
17 75 17 2611474
18 75 18 5126300
19 75 19 10288578
20 75 20 21893615
21 75 21 45415433
22 75 22 87305996
23 75 23 198259810
24 75 24 356544595
25 75 25 676638983
26 75 26 1357336068
27 75 27 2793860325
28 75 28 5527100457
29 75 29 10989681225
30 75 30 22198512298
10 100 10 19980
11 100 11 39415
12 100 12 88843
13 100 13 157721
14 100 14 315784
15 100 15 631089
16 100 16 1271949
17 100 17 2540498
18 100 18 6312619
19 100 19 10438708
20 100 20 21722813
21 100 21 43116105
22 100 22 83934360
23 100 23 174149809
24 100 24 334684655
25 100 25 682118318
26 100 26 1353185897
27 100 27 2837393080
28 100 28 5580836735
29 100 29 11171561981
30 100 30 22481397652
10 10 10 28385
10 20 10 27038
11 20 11 47678
12 20 12 79016
13 20 13 158199
14 20 14 314776
15 20 15 660250
16 20 16 1459829
17 20 17 2541655
18 20 18 5309392
19 20 19 10491061
20 20 20 21009586
10 50 10 19787
11 50 11 39450
12 50 12 82536
13 50 13 184480
14 50 14 314813
15 50 15 628608
16 50 16 1263165
17 50 17 2795905
18 50 18 5097395
19 50 19 10457846
20 50 20 20526430
21 50 21 41605711
22 50 22 87379206
23 50 23 183982910
24 50 24 399355310
25 50 25 739347260
26 50 26 1436178604
27 50 27 2784511722
28 50 28 5546204705
29 50 29 10903465463
30 50 30 22124345302
10 75 10 19754
11 75 11 39720
12 75 12 79103
13 75 13 157978
14 75 14 315647
15 75 15 634959
16 75 16 1939783
17 75 17 2725236
18 75 18 5068360
19 75 19 10144133
20 75 20 22900916
21 75 21 42737398
22 75 22 86106276
23 75 23 166768672
24 75 24 343858800
25 75 25 689252033
26 75 26 1398318362
27 75 27 2684545499
28 75 28 5497336288
29 75 29 10981934978
30 75 30 22015342966
10 100 10 20979
11 100 11 40645
12 100 12 78955
13 100 13 198608
14 100 14 522035
15 100 15 935138
16 100 16 1269615
17 100 17 3763419
18 100 18 6918993
19 100 19 10205723
20 100 20 20531062
21 100 21 41193759
22 100 22 86169141
23 100 23 178747136
24 100 24 368300270
25 100 25 675812848
26 100 26 1346040536
27 100 27 2730197077
28 100 28 5613689875
29 100 29 10946299275
30 100 30 22144945300
10 10 10 19936
10 20 10 25971
11 20 11 39461
12 20 12 83265
13 20 13 157965
14 20 14 315700
15 20 15 647126
16 20 16 1271305
17 20 17 3066551
18 20 18 5235217
19 20 19 11180639
20 20 20 21561035
10 50 10 25780
11 50 11 40183
12 50 12 80046
13 50 13 168211
14 50 14 356343
15 50 15 661164
16 50 16 2067374
17 50 17 2566609
18 50 18 5231173
19 50 19 10457943
20 50 20 21947005
21 50 21 46102509
22 50 22 94845094
23 50 23 180838426
24 50 24 366399729
25 50 25 705899858
26 50 26 1434474586
27 50 27 2809149206
28 50 28 5555672235
29 50 29 10897262435
30 50 30 22702746726
10 75 10 19821
11 75 11 39302
12 75 12 78980
13 75 13 158289
14 75 14 316774
15 75 15 635978
16 75 16 1278071
17 75 17 2542317
18 75 18 5073750
19 75 19 10170469
20 75 20 22603844
21 75 21 47108973
22 75 22 87276841
23 75 23 172527129
24 75 24 347348227
25 75 25 691645771
26 75 26 1360608048
27 75 27 2821186386
28 75 28 5559049490
29 75 29 10831426322
30 75 30 21859250369
10 100 10 20613
11 100 11 39730
12 100 12 80803
13 100 13 157330
14 100 14 314508
15 100 15 633418
16 100 16 1359035
17 100 17 2710183
18 100 18 5169912
19 100 19 11593014
20 100 20 21878361
21 100 21 45490661
22 100 22 83956587
23 100 23 169455799
24 100 24 332846001
25 100 25 673557674
26 100 26 1492864976
27 100 27 2736183364
28 100 28 5492836348
29 100 29 11165014030
30 100 30 21952317603
10 10 10 19706
10 20 10 19657
11 20 11 39627
12 20 12 78965
13 20 13 157850
14 20 14 315823
15 20 15 630172
16 20 16 1531263
17 20 17 2539932
18 20 18 5135982
19 20 19 11120850
20 20 20 21432446
10 50 10 19694
11 50 11 39570
12 50 12 78842
13 50 13 157710
14 50 14 315640
15 50 15 631439
16 50 16 1274862
17 50 17 2549838
18 50 18 5450317
19 50 19 10760890
20 50 20 22572362
21 50 21 46721507
22 50 22 85647456
23 50 23 167327886
24 50 24 329855458
25 50 25 688838406
26 50 26 1387021701
27 50 27 2709635596
28 50 28 5582513123
29 50 29 11301936883
30 50 30 22148160727
10 75 10 19727
11 75 11 39594
12 75 12 78827
13 75 13 157972
14 75 14 322681
15 75 15 643665
16 75 16 1270522
17 75 17 2645855
18 75 18 5204485
19 75 19 10986588
20 75 20 22676452
21 75 21 43445198
22 75 22 89175082
23 75 23 179513447
24 75 24 353396463
25 75 25 691998458
26 75 26 1430927825
27 75 27 2793155648
28 75 28 5619904131
29 75 29 11109080860
30 75 30 22443626179
10 100 10 34577
11 100 11 70848
12 100 12 136108
13 100 13 261006
14 100 14 413063
15 100 15 881409
16 100 16 1303048
17 100 17 3283676
18 100 18 5453671
19 100 19 10449179
20 100 20 21075584
21 100 21 42446663
22 100 22 91241069
23 100 23 175907227
24 100 24 338420012
25 100 25 687148545
26 100 26 1415476576
27 100 27 2741256837
28 100 28 5676024796
29 100 29 11148701451
30 100 30 22329151889
10 10 10 20211
10 20 10 19882
11 20 11 39594
12 20 12 79310
13 20 13 157942
14 20 14 358383
15 20 15 1133396
16 20 16 1966826
17 20 17 2539690
18 20 18 6388541
19 20 19 10235840
20 20 20 21384737
10 50 10 20684
11 50 11 40534
12 50 12 79071
13 50 13 163222
14 50 14 319872
15 50 15 631211
16 50 16 1280601
17 50 17 2537048
18 50 18 5099777
19 50 19 10190698
20 50 20 21686495
21 50 21 42935682
22 50 22 90209562
23 50 23 180063188
24 50 24 337536409
25 50 25 724302058
26 50 26 1475168777
27 50 27 2981504053
28 50 28 5581082284
29 50 29 11262219258
30 50 30 22361482043
10 75 10 19843
11 75 11 40406
12 75 12 79944
13 75 13 158745
14 75 14 316184
15 75 15 642402
16 75 16 1305974
17 75 17 2971053
18 75 18 5083075
19 75 19 10774483
20 75 20 21703965
21 75 21 44272567
22 75 22 94977376
23 75 23 181967164
24 75 24 338947627
25 75 25 687259854
26 75 26 1425385953
27 75 27 2837520740
28 75 28 5516877524
29 75 29 11034129001
30 75 30 22011709587
10 100 10 19747
11 100 11 51481
12 100 12 79562
13 100 13 158281
14 100 14 315895
15 100 15 630607
16 100 16 1435993
17 100 17 3071669
18 100 18 8660955
19 100 19 11278147
20 100 20 21796009
21 100 21 47619138
22 100 22 83745862
23 100 23 178651682
24 100 24 361644760
25 100 25 733155224
26 100 26 1358946518
27 100 27 2782412241
28 100 28 5552468454
29 100 29 11204755181
30 100 30 22194796442
10 10 10 19795
10 20 10 19622
11 20 11 39618
12 20 12 79111
13 20 13 163920
14 20 14 315855
15 20 15 638346
16 20 16 1520125
17 20 17 2551956
18 20 18 5127122
19 20 19 10199243
20 20 20 20424246
10 50 10 20925
11 50 11 40186
12 50 12 84142
13 50 13 159295
14 50 14 315768
15 50 15 636318
16 50 16 1298968
17 50 17 2536092
18 50 18 5315589
19 50 19 10162677
20 50 20 21010737
21 50 21 41754300
22 50 22 84386561
23 50 23 171578903
24 50 24 343103609
25 50 25 679388145
26 50 26 1368647596
27 50 27 2767647022
28 50 28 5460413853
29 50 29 11141798052
30 50 30 22000662789
10 75 10 19748
11 75 11 39348
12 75 12 78749
13 75 13 180756
14 75 14 323016
15 75 15 640389
16 75 16 1288630
17 75 17 2675125
18 75 18 5396677
19 75 19 10849855
20 75 20 20680584
21 75 21 41434943
22 75 22 82835554
23 75 23 168154203
24 75 24 339979106
25 75 25 668662928
26 75 26 1329948107
27 75 27 2719265413
28 75 28 5373089130
29 75 29 10717660628
30 75 30 22546291757
10 100 10 19853
11 100 11 39389
12 100 12 78862
13 100 13 161002
14 100 14 316508
15 100 15 652452
16 100 16 1265743
17 100 17 2544309
18 100 18 5122850
19 100 19 13061082
20 100 20 22145098
21 100 21 46803582
22 100 22 91983787
23 100 23 183118574
24 100 24 380618258
25 100 25 708096219
26 100 26 1384662368
27 100 27 2873629438
28 100 28 5467876489
29 100 29 11311100507
30 100 30 22454811516
10 10 10 24321
10 20 10 24291
11 20 11 48566
12 20 12 104021
13 20 13 168146
14 20 14 315784
15 20 15 653348
16 20 16 1280459
17 20 17 2612693
18 20 18 6511750
19 20 19 11335461
20 20 20 21343857
10 50 10 19760
11 50 11 40811
12 50 12 86172
13 50 13 158164
14 50 14 335851
15 50 15 631884
16 50 16 1301021
17 50 17 2830662
18 50 18 5456381
19 50 19 10246718
20 50 20 20421054
21 50 21 42645247
22 50 22 88202816
23 50 23 172757997
24 50 24 356014411
25 50 25 694137090
26 50 26 1667240402
27 50 27 2880662748
28 50 28 5627853275
29 50 29 11726154045
30 50 30 22343099538
10 75 10 19681
11 75 11 39500
12 75 12 78803
13 75 13 157789
14 75 14 336969
15 75 15 630994
16 75 16 1326941
17 75 17 2569252
18 75 18 5189974
19 75 19 10720093
20 75 20 20488365
21 75 21 42579232
22 75 22 82875734
23 75 23 166150025
24 75 24 336220583
25 75 25 667712170
26 75 26 1384397791
27 75 27 2744911561
28 75 28 5396553670
29 75 29 10948996540
30 75 30 21734969614
10 100 10 19937
11 100 11 39414
12 100 12 78740
13 100 13 162030
14 100 14 314839
15 100 15 659692
16 100 16 1271862
17 100 17 2532281
18 100 18 5071789
19 100 19 10377405
20 100 20 21917130
21 100 21 42167663
22 100 22 89425046
23 100 23 180795710
24 100 24 372439403
25 100 25 692073124
26 100 26 1374663071
27 100 27 2690133648
28 100 28 5537929586
29 100 29 11411664550
30 100 30 21986186864